espece	sous-famille	traitement	plante	Phe	Dap	Put	AcCad	NAcHSpd	Oct	MTyr	Tyr	Spd	HSpd	Dop	Spm
S	S1	T	1	150,08	729,97	268,17	41,58	200,82	50,98	105,06	4906,73	216,99	65,21	895,81	1894,14
S	S1	T	2	610,7	987,42	91,66	108,51	83,14	92,11	83,73	5859,25	231,19	160,79	606,08	754,65
S	S1	T	3	519,24	1378,57	130,38	227,87	549,27	119,31	70,12	6522,42	343,44	81,54	813,17	208,34
S	S1	T	4	415,2	1526,05	129,27	214,69	477,68	1242,33	59,13	5506,76	171,88	31,58	639,15	420,42
S	S1	S	5	150,63	1322,22	359,35	193,75	188,92	30,76	147,99	4553,4	175,71	35,19	872,46	329,21
S	S1	S	6	191,01	1266,44	405,18	132,07	240,44	101,9	243,12	4411,82	222,44	57,18	1004,78	371,65
S	S1	S	7	120	1123,08	97,08	251,86	274,49	81,19	148,22	3912,68	358,07	61,4	1243,51	772,31
S	S1	S	8	537,12	1283,12	184,39	124,21	245,59	114,22	134,98	4296,98	419,1	69	735,47	220,58
S	S2	T	9	70,28	835,33	119,32	142,66	114,16	346,03	194,07	6485,83	228,76	56,49	1103,11	4119,17
S	S2	T	10	165,98	1010,64	100,2	81,76	379,23	553,59	11,25	4706,91	218,45	70,68	675,64	485,51
S	S2	T	11	580,18	1043,09	116,53	404,84	207,89	534,85	90,43	6007,18	246,92	100,42	711,09	316,72
S	S2	T	12	28,49	525,56	70,48	117,98	77,73	128,03	17,21	3481,98	127,16	50,09	613,61	1146,16
S	S2	S	13	164,76	836,17	56,46	72,85	429,17	242,46	76,88	4001,3	137,41	58,44	776,47	920,37
S	S2	S	14	373,68	728,2	58,52	114,21	390,75	110,3	74,17	2826,83	157,82	30,93	528,05	211,81
S	S2	S	15	136,05	1019,97	196,15	102,68	224,09	97,87	158,2	3851,2	166,49	30,93	827,18	437,21
S	S2	S	16	183,23	893,67	233,13	140,77	179,06	97,87	207,07	4779,59	204,96	42,37	795,21	662,74
S	S3	T	17	332,71	717,26	44,4	122,6	181,43	106,92	63,94	3683,39	124,9	38,12	781,3	310,5
S	S3	T	18	440,76	886,2	78,04	98,57	289,89	223,43	78,3	4517,16	254,58	59,8	499,75	420,72
S	S3	T	19	339,85	1071,41	79,73	87	305,65	78,97	68,83	5031,61	170,62	96,39	780,31	1031,21
S	S3	T	20	373,01	1137,18	82,94	80,63	416,24	127,09	93,68	8465,99	476,62	55,53	960,1	548,66
S	S3	S	21	321,59	1479,99	223,71	119,37	503,5	62,02	143,69	6699,86	419,6	100,8	625,42	1278,16
S	S3	S	22	453,54	1232,12	136,93	165,24	450,11	206,46	154,48	5547,2	352,3	141,57	633,78	787,83
S	S3	S	23	189	1282,05	323,42	58,99	267,93	58,7	193,93	9038,66	632,53	113,92	871,15	1847,05
S	S3	S	24	343,18	1450,67	160,74	99,03	729,42	133,54	82,12	12064,77	527,75	175,59	1103,08	1027,09
S	S4	T	25	30,43	643,99	65,41	40,23	131,75	57,64	30,14	4354,34	187,11	28,21	708,58	973,62
S	S4	T	26	422,78	1183,43	123,1	81,23	601,23	98,94	71,01	5456,46	286,85	111,57	698,07	413,5
S	S4	T	27	557,87	1166,66	83,3	140,63	418,36	1567,36	35,41	6017,36	296,07	119,85	642,72	173,79
S	S4	S	28	469,57	860,09	102,09	105,13	337,84	83,05	147,41	3483,82	210,23	57,63	768,9	130,76
S	S4	S	29	588,33	925,38	151,26	138,08	474,16	278,79	80,83	218,36	5335,66	486,97	602,72	356,55
S	S4	S	30	95,39	658,56	148,5	38,19	114,97	10	81,45	3783,37	383,31	73,55	836,4	536,76
S	S5	T	31	727,67	1021,43	113,68	210,95	618,94	542,76	127,44	8673,61	370,71	174,46	868	461,38
S	S5	T	32	409,5	979,42	130,39	273,1	740,31	118,31	81,69	7926,23	333,52	89,81	711,48	134,94
S	S5	T	33	228,78	12	20	153,17	205,27	77,95	104,65	7765,28	317,67	57,33	1034,36	964,08
S	S5	T	34	532,83	1162,25	98,47	122,51	487,6	298,29	132,3	10215,16	550,49	120,56	890,34	1701,84
S	S5	S	35	370,52	1823,41	111,68	165,01	415,13	90,73	196,71	7283,39	190,25	74,41	1011,24	1374,24
S	S5	S	36	654,64	1368,4	118,14	213,04	182,66	106,59	86,05	5414,34	294,59	92,23	733,66	663,17
S	S5	S	37	600,32	952,85	79,01	199,96	178,53	388,74	80,94	3438,86	145,25	64	585,5	929,67
S	S5	S	38	402,64	1088,03	96,5	162,83	398,8	124,03	95,96	5465,32	445,77	119,16	789,95	764,63
S	S6	T	39	523,23	914,66	93,15	103,11	470,92	392,19	53,07	5110,62	355,28	221,2	357,53	1324,04
S	S6	T	40	397,37	980,09	129,51	116,85	495,48	226,97	47,99	4756	261,15	42,47	546,75	412,24
S	S6	T	41	568,78	957,58	201,61	227,12	255,16	258,31	75,06	6491,65	314,54	74,64	711,9	906,67
S	S6	T	42	142,85	645,39	274,97	10	12	64,65	210,06	9254,81	369,41	114,3	831,5	2761,66
S	S6	S	43	103,66	1064,15	244,92	10	12	76,52	99,1	5895,79	190,03	85,5	950,82	365,49
S	S6	S	44	601,54	1086,17	185,92	117,14	511,64	451,46	158,22	8025,51	544,73	173,82	735,07	1045,56
S	S6	S	45	645,28	1171,31	256,34	1021,18	499,21	76,66	136,98	9417,24	490,93	119,21	624,81	750,05
S	S6	S	46	739,2	1169,73	100,35	273,28	489,26	149,03	90,4	7113,61	211,17	113,33	872,31	902,24
S	S7	T	47	252,78	1008,85	142,03	76,24	190,89	18,91	35,98	7203,85	312,24	102,96	658,22	1560,93
S	S7	T	48	609,61	1435,21	145,05	40,06	189,33	131,94	62,98	6485,58	173,13	41,42	847,24	1008,7
S	S7	T	49	1221,8	499,77	978,48	101,5	103,74	259,67	219,26	232,56	9731,16	475,94	193,32	626,52
S	S7	T	50	573,99	1209,98	139,63	68,16	280,3	340,94	78,25	7500,95	250,11	70,67	659,48	1001,13
S	S7	S	51	634,92	1591,06	148,5	36,83	646,95	1061,62	238,63	5581,6	254,54	37,74	812,19	809,71
S	S7	S	52	111,97	1589,72	247,87	125,77	249,85	157	202,93	7671,07	454,84	98,4	1374,32	2070,25
S	S7	S	53	943,84	1417,19	327,12	83,57	393,32	154,95	223,9	9887,54	446,19	124,26	946,64	918,62
S	S8	T	54	80,76	575,1	142,51	31,29	129,43	101,3	31,4	3590,3	209,05	50,12	843,09	287,42
S	S8	T	55	134,24	689,17	168,54	254,34	438,6	109,12	132,89	6125,16	295,05	39,84	968,6	2932,71
S	S8	T	56	139,86	678,86	172,68	187,98	312,18	105,31	75,59	6772,95	309,14	46,71	927,93	3227,69
S	S8	T	57	181,6	665,16	208,41	116,73	254,16	80,01	142,05	6387,39	293,53	54,73	687,35	983,91
S	S8	S	58	93,27	811,76	156,09	89,07	68,16	106,4	40,98	4490,61	199,43	15	893,79	677,27
S	S8	S	59	102,83	758,06	190,68	67,06	102,73	203,07	111,6	4682,3	254,43	20	516,99	455,43
S	S8	S	60	203,34	731,75	207,21	204,23	199,01	125,94	107	5213,91	199,8	45,81	762,54	851,11
R	R1	T	61	962,52	1380,62	173,56	165,97	170,72	158,73	0	1570,46	148,41	75,2	969,24	195,25
R	R1	T	62	681,81	1091,79	147,39	141,87	128,08	134,22	101,98	986,81	63,29	42,21	733,67	122,96
R	R1	T	63	1027,76	1105,79	1153,98	108,34	128,58	195,64	23,02	1045,91	3030,46	127,32	835,88	65,37
R	R1	T	64	1090,15	1229,83	281,66	146,83	135,7	72,55	25,56	1434,58	368,33	141,25	964,95	295,97
R	R1	S	65	312,46	1330,65	263,57	216,57	221,56	135,62	142,24	1769,76	104,47	59,13	1053,22	226,41
R	R1	S	66	924,06	175,34	717,15	1006,95	212,87	54,79	221,9	193,72	88,61	102,73	1030,96	89,06
R	R1	S	67	1079,3	1290,88	302,94	24	34	163,16	0	1486,32	153,74	0	957,75	109,29
R	R1	S	68	981,8	1209,03	145,72	46,31	99,03	1677,16	194,74	1180,46	201,69	76,01	613,26	258,24
R	R2	T	69	1163,34	1190,86	179,79	205,08	182,01	180,84	94,02	774,37	45,28	53,09	825,22	130,45
R	R2	T	70	771,38	901,89	253,23	123,27	80,6	748,28	104,5	706,78	537,29	71,75	631,08	86,08
R	R2	T	71	1279,98	998,41	298,99	90,63	100,99	2623,25	115,98	741,73	128,88	41,93	709,77	86,66
R	R2	T	72	1171,32	1132,61	294,68	278,87	235,45	180,08	155,72	1786,98	462,96	307,92	1095,86	582,46
R	R2	S	73	154,55	1362,01	297,92	309,05	176,73	2412,35	67,95	1085,92	277	147,78	958,76	158,15
R	R2	S	74	974,26	1375,51	304,88	38,89	203,89	530,77	746,78	433,71	77,53	788,24	203,3	1495,65
R	R2	S	75	1503,77	1052,9	1403,68	309,05	176,73	251,41	234,63	797,07	77,53	171,99	1257,31	148,8
R	R2	S	76	1406,84	1272,9	167,61	164,04	203,25	1072,47	1411,26	374,61	61,91	935,04	82,58	901,63
R	R3	T	77	1110,26	1922,29	330,52	197,03	283,64	72,89	163,76	2052,49	828,97	175,29	1080,07	399,12
R	R3	T	78	1164,84	1100,93	129,83	203,18	116,02	2890,55	55,01	920,57	56,3	59,56	613,43	283,35
R	R3	T	79	1282,53	128,08	1136,73	1017,29	1456,84	175,08	174,73	265,32	0	72,21	1541,79	75,39
R	R3	T	80	1120	1243,13	169,01	246,95	198,01	956,73	88,4	1221,43	198,6	84,02	877,11	282,65
R	R3	S	81	1192,47	1177,22	293,64	162,28	0	242,66	220,22	1517,45	211,11	123,58	1032,48	294,29
R	R3	S	82	558,62	1553,81	204,75	73,4	0	1633,68	51,36	1123,13	362,05	54,45	903,99	190,2
R	R3	S	83	1815,81	1347,78	227,89	292,4	0	1960,7	16,04	1651,53	163,57	65,82	1030,94	285,17
R	R3	S	84	1204,89	1515,39	281,52	81,77	0	369,45	174,73	1570,31	423,03	58,12	772,01	412,79
R	R4	T	85	466,18	1279,88	336,85	140,73	77,79	80,01	49,91	1422,37	236,61	44,37	758,54	123,59
R	R4	T	86	940,41	1418,52	240,45	156,79	104,12	173,49	141,17	28,97	1234,58	136,05	740,84	55,06
R	R4	T	87	542,44	1039,9	187,02	130,45	113,12	1713,33	329,11	37,4	885,16	75,42	771,89	171,45
R	R4	T	88	1079,33	1461,91	334,21	176,69	109	2977,44	333,16	93,62	1774,47	140,08	883,2	375,68
R	R4	S	89	559,35	1558,1	183,47	101,91	0	2264,09	144,4	2721,87	169,66	20	698,47	559,73
R	R4	S	90	844,58	1299,16	254,13	157,45	0	666,01	59,92	1244,55	156,71	15	868,34	325,73
R	R4	S	91	568,81	1074,78	197,79	148,58	0	193,68	13,2	984,65	60,71	34	868,45	96,42
R	R4	S	92	604,49	1117,04	207,92	120,25	0	125,59	87,41	1120,97	142,3	64	706,17	225,66
R	R5	T	93	849,02	1282,41	160,56	208,15	280,17	1929,68	47,44	996,25	93,14	86,33	936,44	258,79
R	R5	T	94	937,99	1011,8	232,15	114	181,21	2252,27	38,75	1072,02	232,67	65,18	710,92	75,39
R	R5	T	95	1130,26	1575,6	199,85	107,52	290,53	2935,02	79,78	1504,37	480,63	70,44	943,99	224,53
R	R5	T	96	963,78	1369,11	298,7	223,89	152,51	647,84	31,34	1302,3	109,55	70,45	931,04	204,23
R	R5	S	97	1506,85	1135,62	320,41	241,18	193,07	151,33	39,84	1060,77	177,25	85,76	1100,61	107,11
R	R5	S	98	660,71	1282,3	307,1	140,08	129,05	214,49	106,97	1263,83	462,26	116,44	748,83	455,48
R	R5	S	99	1428,79	1305,65	245,57	107,95	558,9	1011,04	108,59	1411,04	189,54	104,42	816,89	83,61
R	R5	S	100	788,78	1010,44	249,01	270,6	238,18	2009,17	132,52	968,7	155,46	90,92	1195,42	614,72
R	R6	T	101	415,17	1158,24	209,47	227,01	159,14	1712,41	29,18	1071,19	100	70,76	1178,92	97,08
R	R6	T	102	949,24	1234,23	206,67	83,24	133,17	418,36	16,18	1215,54	100,59	63,5	1043,95	145,04
R	R6	T	103	540,47	916,23	235,47	103,16	99,34	105,01	34,99	1120,27	71,12	30,93	588,23	187,86
R	R6	T	104	816,2	1579,7	152,38	139,54	122,78	134,03	58,88	1582,36	180,63	156,36	769,55	575,95
R	R6	S	105	637,54	1404,99	231,85	120,36	206,84	74,94	21,01	2334,45	421,94	66,19	814,86	235,48
R	R6	S	106	788,64	736,02	216,6	257,1	252,49	229,62	92,79	1288,57	168,69	100,42	850,71	251,47
R	R6	S	107	867,37	890,46	149,51	223,74	203,31	135,44	39,56	1050,66	57,18	116,72	936,02	126,04
R	R6	S	108	963,06	1380,37	258,09	88,33	126,91	147,73	63,08	1312,05	209,95	77,71	853,37	169,3
R	R7	T	109	1017,11	991,75	247,09	86,41	201,94	1337	101,65	1571,13	94,19	41,75	678,7	57,84
R	R7	T	110	718,47	1081,25	259,33	255,59	214,13	2636,28	134,44	1628,86	207,3	134,27	931,69	591,33
R	R7	T	111	629,43	1361,87	324,43	120,35	356,11	2583,3	121,87	1992,59	248,31	97,37	952,01	173,06
R	R7	S	112	660,3	1143,1	132,38	109,73	106,15	263,76	20,5	2203,85	95,61	70,27	1189,26	428,96
R	R7	S	113	1088,28	1237,57	169,71	179,62	195,13	52,31	17,08	2123,16	210,49	140,85	933,69	9,05
R	R7	S	114	788,64	736,02	216,6	257,1	252,49	229,62	92,79	1288,57	168,69	100,42	850,71	251,47
R	R8	T	115	939,16	1693,22	384,27	211,1	306,61	207,85	120,65	1994,91	1045,9	228,06	820,95	406,17
R	R8	T	116	1009,42	1330,16	168,36	60,16	163,17	375,21	41,58	1260,36	244,6	123,08	975,91	157,96
R	R8	T	117	1349,74	1069,73	235,99	334,06	276,77	2976,31	63,91	992,37	82,44	80,41	1078,15	133
R	R8	T	118	1675,3	933,09	280,07	603,79	241,75	1115,09	51,97	1407,55	512,08	120,08	953,96	233,12
R	R8	S	119	1286,35	1476	213,02	318,94	210,69	1714,01	37,49	1062,81	247,59	122,92	1058,68	394,03
R	R8	S	120	1129,65	940,58	295,3	237,95	43,85	741,1	46,09	1165,96	163,85	69,79	879,22	291,1
R	R8	S	121	1181,85	1231,67	287,03	311,98	128,87	230,59	126,68	1018,93	168,05	130,53	1017,4	523,32
R	R8	S	122	1012,79	1129,68	256,87	80,35	150,76	2233,91	51,7	997,77	146,85	120,1	918,1	44,19
D	D1	T	123	218	688,82	49,1	57,16	94,62	144,94	114,87	515,95	54,73	70,06	687,44	184,24
D	D1	T	124	339,31	785,87	74,91	49,94	156,38	1195,88	125,78	954,12	42,99	103,79	639,94	303,58
D	D1	T	125	492,12	1207,88	83,43	15,17	165,85	511,61	139,05	652,49	59,38	102,91	621,56	233,58
D	D1	T	126	281,77	693,15	55,62	50,82	106,13	88,92	91,4	487,21	38,25	69,29	554,18	89,47
D	D1	S	127	155,89	926,57	118,66	65,5	131,71	644,84	135	496,22	37,4	97,5	603,83	49,54
D	D1	S	128	337,08	963,22	151,26	121,64	149,29	786,75	171,42	708,91	61,57	82,42	585,03	562,95
D	D1	S	129	479,93	1139,58	184,83	98,86	158,75	72,19	109,41	652,42	64,58	151,67	657,76	71,2
D	D2	T	130	276,04	1189,21	195,9	75,97	173,84	115,19	170,52	870,52	39,9	203,28	810,22	255,24
D	D2	T	131	164,52	606,43	69,71	60,61	114,8	56,74	97,54	814,14	28,45	119,31	531,22	87,23
D	D2	T	132	213,42	1203,25	95,45	88,85	153,4	415,26	189,59	938,13	56,3	254,95	623,52	50,58
D	D2	T	133	223,5	1025,88	72,6	104,02	184,94	82,36	184,94	848,41	44,12	179,28	705,14	76,64
D	D2	S	134	484,12	1064,29	90,02	126,23	216,61	173,14	202,29	909,37	47,59	217,22	771,14	150,98
D	D2	S	135	322,34	938,67	120,45	79,41	147,96	90,75	144,78	721,09	23,37	187,97	709,71	111,62
D	D2	S	136	417,95	966,45	111,78	57,34	256,62	1029,91	129,92	1091,81	64,21	54,73	726,06	83,77
D	D2	S	137	546,89	948,76	101,8	157,53	246,89	1280,74	245,47	574,6	44,45	86,74	716,45	172,25
D	D3	T	138	160,13	831,5	102,01	55,47	71,11	123,02	64,23	612,07	41,08	160,8	740,75	409,58
D	D3	T	139	311,44	940,71	117,51	37,67	162,11	460,49	157,39	588,26	25,3	164,9	771,67	329,68
D	D3	T	140	167,24	1031,15	89,13	39,67	154,33	980,76	94,01	810,74	49,31	149,93	716,55	305,39
D	D3	T	141	292,05	912,31	78,13	83,9	141,77	146,68	379,04	772,9	50,19	135,24	628,57	133,83
D	D3	S	142	337,65	1092,6	95,29	106,59	143,01	777,65	37,29	127,76	1172,8	55,44	210,19	969,58
D	D3	S	143	266,54	1260,87	163,44	102,62	250	296,73	101,68	860,26	70,48	105,01	736,46	252,5
D	D3	S	144	310,93	1031,13	98,76	31,32	184,56	856,49	131,85	703,93	55,34	130,81	691,27	140,03
D	D3	S	145	245,92	1369,73	148,55	149,79	155,45	32,17	140,21	977,15	62,16	200,05	730,57	65,1
D	D3	S	146	344,11	755,26	63	53,83	128,18	158,26	81,44	712,97	31,13	30,11	741,56	164,5
D	D4	T	147	340,87	725,95	82,28	104	150,92	138,36	157,65	893,18	39,61	78,32	837,28	431,65
D	D4	T	148	413,2	888,69	98,12	67,23	136,34	118,73	75,2	756,25	73,58	43,76	762,5	457,98
D	D4	T	149	413,2	888,69	98,12	67,23	136,34	118,73	75,2	756,25	73,58	43,76	762,5	457,98
D	D4	S	150	402,51	1181,4	203,77	72,14	202,61	113,78	141,84	1453,25	68,14	127,89	1108,63	1321,53
D	D4	S	151	300,48	1193,17	186,24	58,59	116,37	111,43	101,96	796,25	54	141,98	789,65	97,29
D	D4	S	152	387,24	1162,64	122,03	66,26	200,99	103,45	169,25	1041,51	76,3	113,64	923,51	284,23
D	D5	T	153	247,19	896,73	118,39	134,35	139,87	483,21	94,85	1229,82	49,71	412,28	758,74	201,14
D	D5	T	154	252,75	896,35	116,71	129,5	170,75	1646,07	117,95	1107,73	57,6	205,92	656,83	785,21
D	D5	T	155	341,46	736,13	48,53	100,34	123,53	483,21	116,63	1024,77	63,19	90,31	536,72	867,71
D	D5	T	156	227,08	1010,7	114,32	74,5	103,74	320,09	111,75	1179,74	68,6	183,26	594,21	993,37
D	D5	S	157	563,48	1165,35	157,08	140,96	182,08	131,6	198,45	1554,16	82,32	186,2	605,16	116,4
D	D5	S	158	342,77	1031,49	96,67	113,98	95,37	61,22	138,79	866,17	45,3	115,6	644,52	128,26
D	D5	S	159	442,35	1092,94	97,55	137,56	182,47	92,4	247,84	775,84	41,33	115,35	694,99	122,4
D	D5	S	160	346,93	1317,23	198,38	138,32	181,47	102,05	203,77	1157,8	61,98	196,01	588,63	127,95
D	D6	T	161	319,96	826,64	111,32	81,38	93,76	104,05	178,43	1122,25	65,39	306,1	614,95	93,34
D	D6	T	162	460,98	1210,29	156,5	155,5	261,77	140,19	223,84	1026,56	77,51	309,14	632	145,31
D	D6	T	163	314,12	717,54	71,26	76,65	88,61	65,01	155,86	653,85	73,65	80,1	522,96	43,46
D	D6	T	164	205,69	670,1	143,48	59,77	349,6	42,89	80,98	714,42	34,75	155,21	434,98	56,82
D	D6	S	165	248,95	1081,95	146,29	106,76	120,35	130,18	197,33	802,07	54,75	192,76	640,44	108,46
D	D6	S	166	241,89	1115,82	240,3	59,92	294,95	83,76	199,27	837,78	68,31	425,86	610,13	573,91
D	D6	S	167	378,92	1247,42	135,8	92,73	101,3	134,6	179,19	741,5	52,55	132,46	676,65	80,96
D	D6	S	168	333,84	1696,38	135,97	73,75	418,13	25,9	180,41	845,58	53,19	136,74	625,15	76,55
D	D7	T	169	618,82	1051,36	100,75	147,82	306,11	61,4	193,46	895,98	78,81	124,93	692,93	591,79
D	D7	T	170	699,06	975,93	86,55	108,36	138,47	113,49	159,05	1034,17	69,48	168,24	753,65	83,35
D	D7	T	171	542,16	1018,95	140,19	114,08	106,56	175,39	167,85	826,71	69,75	118,89	734,02	101,75
D	D7	T	172	100,21	957,5	64,67	93,69	278,53	117,72	104,22	875,45	74,47	134,99	596,66	743,1
D	D7	S	173	344,06	977,76	122,76	53,48	116,1	129,14	172,29	926,04	63,47	158,87	688,25	71,5
D	D7	S	174	318,98	913,1	79,64	63,45	80,51	108,51	104,13	934,89	69,37	87,75	573,96	1003,63
D	D7	S	175	100,21	957,5	64,67	93,69	278,53	117,72	104,22	875,45	74,47	134,99	596,66	743,1
D	D7	S	176	343,58	656,32	95,38	82,24	88,51	84,87	123,58	765,88	70,87	125,36	574,61	64,17
D	D8	T	177	365,64	845,07	60,92	153,31	122,08	1392,69	127,35	1103,89	35,6	199,33	622,48	44,08
D	D8	T	178	321,31	1147,39	135,16	109,06	126,21	141,32	1272,25	71,41	208,65	605,42	919,99	634,91
D	D8	T	179		669,22	164,11			48,91	740,66	55,71	73,61	769,96	301,4	666,46
D	D8	T	180	257,12	901,02	67,29	52,08	114,57	60,62	132,61	933,59	48,3	111,91	628,56	1203,27
D	D8	S	181	507,87	1039,13	157,28	139,72	428,23	66,44	932,78	56,4	215,45	742	152,09	448,75
D	D8	S	182	408,32	1152,18	115,94	96,33	94,68	77,6	847,64	48,13	155,71	772,64	127,46	527,92
D	D8	S	183	392,15	1202,73	166,91	93,92	218,03	53,59	141,6	922,04	41,82	193,93	641,45	88,49
D	D8	S	184	536,85	855,83	108,29	81,93	95,4	68,26	119,53	808,28	53,2	113,04	703,4	80,33
