Centre	Seance	Numero	Juge	Rang	Produit	O.cacao	O.lait	Sucre	Acide	Amer	S.Cacao	S.Lait	S.Caramel	S.Vanille	Astringent	Croquant	Fondant	Collant	Granuleux
1	1	1	1	1	6	4,5	1,0	4,0	3,0	2,0	5,5	0,0	1,0	1,5	1,5	6,6	7,5	1,0	0,5
1	1	1	1	2	4	7,5	0,0	1,2	4,4	6,0	7,6	0,0	0,0	1,5	4,2	4,3	5,5	1,3	2,0
1	1	1	1	3	2	4,0	2,0	1,8	3,0	2,6	5,0	1,0	0,0	2,5	2,0	3,6	2,4	5,3	0,0
1	1	1	1	4	5	8,0	0,0	1,5	3,5	7,1	7,5	0,0	0,0	0,0	4,0	3,0	7,3	0,5	1,0
1	1	1	1	5	1	7,8	0,0	1,0	5,5	9,3	8,6	0,0	0,0	0,0	6,0	4,1	8,1	0,0	4,5
1	1	1	1	6	3	1,0	8,5	9,0	1,0	0,0	0,5	8,0	4,3	1,0	0,0	2,5	3,7	8,0	0,0
1	1	2	2	1	4	7,1	0,0	0,5	4,1	6,0	7,3	0,0	0,0	1,4	3,3	7,0	6,7	0,0	5,5
1	1	2	2	2	5	3,6	2,3	3,9	2,0	2,4	5,6	1,6	1,9	0,0	2,1	4,1	4,8	2,4	1,9
1	1	2	2	3	6	5,1	0,0	2,4	4,0	4,9	5,3	0,0	0,0	1,0	3,4	5,1	5,8	1,6	2,2
1	1	2	2	4	3	0,6	8,5	7,0	0,5	2,1	1,5	7,5	4,6	1,0	0,8	2,6	3,1	6,6	0,0
1	1	2	2	5	2	7,2	0,0	1,0	4,7	7,2	8,1	0,0	0,0	3,9	3,3	8,3	5,4	2,8	0,0
1	1	2	2	6	1	6,5	0,0	0,5	4,8	7,4	8,3	0,0	0,0	0,0	4,8	6,0	6,7	0,0	0,6
1	1	3	3	1	2	6,6	0,0	1,3	1,7	3,9	6,8	0,0	0,0	0,0	3,4	5,8	3,9	4,0	1,3
1	1	3	3	2	6	4,8	0,0	4,7	3,3	3,5	4,1	0,0	0,0	2,9	1,5	6,7	5,4	5,1	0,1
1	1	3	3	3	1	5,3	0,0	0,0	4,3	6,5	6,9	0,0	0,0	0,0	2,6	4,0	6,0	3,6	0,7
1	1	3	3	4	4	5,7	0,0	1,7	5,3	5,2	5,6	0,0	0,0	0,0	2,8	4,5	4,1	3,3	3,8
1	1	3	3	5	3	0,4	5,9	5,0	4,5	1,3	3,0	5,2	5,8	1,6	1,6	3,5	6,5	4,8	0,0
1	1	3	3	6	5	5,9	0,0	1,0	3,4	7,2	6,5	0,0	0,0	0,0	1,8	7,0	4,0	3,4	1,6
1	1	4	4	1	1	8,0	0,5	0,5	3,6	7,0	8,0	0,5	0,5	0,5	4,3	5,0	3,7	1,6	3,2
1	1	4	4	2	2	4,5	0,5	3,3	2,7	5,5	5,3	1,5	0,5	1,1	3,3	6,0	2,0	4,2	2,7
1	1	4	4	3	3	3,2	7,3	7,0	2,8	2,1	3,1	7,3	5,9	3,4	1,8	4,1	6,6	3,4	1,1
1	1	4	4	4	6	5,5	1,8	2,5	4,8	5,5	6,3	1,0	2,3	1,1	3,3	7,7	5,5	3,7	2,3
1	1	4	4	5	5	3,6	0,5	1,6	3,6	7,6	6,6	1,0	0,9	1,0	4,3	7,2	6,2	2,1	1,8
1	1	4	4	6	4	7,2	1,0	1,5	3,2	7,0	6,6	0,5	0,8	0,6	2,2	4,2	5,4	2,3	3,3
1	1	5	5	1	5	6,2	0,0	1,0	5,1	7,9	7,2	0,0	0,0	0,0	4,5	7,5	5,2	1,4	4,1
1	1	5	5	2	3	2,2	6,9	6,9	3,9	2,4	2,2	8,1	5,8	2,9	3,6	2,5	7,4	5,7	0,6
1	1	5	5	3	4	5,7	0,0	3,7	5,8	5,5	6,1	0,0	0,0	1,5	5,9	4,7	3,9	3,2	5,4
1	1	5	5	4	1	5,6	0,0	2,2	5,1	5,6	5,2	0,0	0,0	1,7	4,2	7,5	4,7	1,9	3,1
1	1	5	5	5	6	3,0	0,0	6,4	1,9	2,3	2,9	0,0	0,0	4,3	1,9	5,1	6,0	3,8	2,7
1	1	5	5	6	2	3,9	0,0	5,1	3,7	4,5	4,6	0,0	0,0	3,2	5,2	6,3	5,2	1,4	2,1
1	1	6	6	1	3	3,5	7,4	7,3	4,0	0,2	2,8	7,4	3,6	4,0	2,2	5,6	5,3	5,6	0,0
1	1	6	6	2	1	8,0	0,0	0,9	2,2	7,4	7,9	0,0	0,0	0,0	2,4	6,6	3,3	4,6	2,8
1	1	6	6	3	5	7,4	1,0	2,7	4,3	2,0	7,0	1,0	0,0	0,0	1,4	6,8	3,7	4,0	2,2
1	1	6	6	4	2	7,1	2,7	2,1	3,5	3,6	6,7	2,5	1,5	1,5	2,4	6,5	5,7	4,5	2,7
1	1	6	6	5	4	7,0	2,4	3,4	4,8	4,0	6,9	2,2	0,0	1,5	4,1	6,4	5,2	4,0	0,6
1	1	6	6	6	6	7,0	3,5	4,2	2,5	2,0	6,1	2,5	1,5	2,7	1,5	5,9	3,9	5,0	0,0
1	1	7	7	1	3	2,8	6,4	7,2	4,0	1,4	2,7	6,3	3,6	0,6	1,5	3,0	3,1	6,2	0,8
1	1	7	7	2	6	6,7	0,0	1,3	1,8	8,0	7,1	0,0	0,0	1,7	2,5	5,7	3,1	3,4	4,5
1	1	7	7	3	5	7,9	0,0	1,0	1,8	7,6	7,5	0,0	0,0	0,0	2,2	3,0	6,0	3,8	2,5
1	1	7	7	4	2	5,8	0,0	1,6	1,5	7,0	6,0	0,0	0,0	2,1	2,7	7,1	4,7	5,9	3,8
1	1	7	7	5	1	8,5	0,0	0,3	3,9	7,6	8,6	0,0	0,0	0,0	2,0	3,9	5,1	4,6	4,1
1	1	7	7	6	4	6,3	0,0	2,3	1,9	6,2	4,7	0,0	0,1	2,5	4,9	3,2	5,8	3,0	1,6
1	1	8	8	1	1	6,5	0,0	1,2	5,2	5,3	6,6	0,0	0,0	0,0	6,0	6,6	5,5	1,7	2,0
1	1	8	8	2	5	6,7	0,0	3,3	6,1	5,8	5,8	0,0	0,0	0,0	5,0	6,9	5,5	1,5	1,0
1	1	8	8	3	4	6,0	0,0	2,1	5,9	6,7	6,6	0,0	0,0	0,0	6,1	4,7	4,4	1,0	0,5
1	1	8	8	4	3	0,5	8,1	7,5	4,5	2,2	3,0	7,4	5,2	2,3	2,1	3,4	7,6	3,1	0,0
1	1	8	8	5	2	6,8	0,0	3,7	3,1	5,1	5,7	0,0	0,0	0,8	2,8	6,0	6,4	1,5	0,0
1	1	8	8	6	6	5,6	0,0	4,3	5,0	4,9	5,0	0,0	0,0	0,2	4,0	5,1	5,2	1,9	0,4
1	1	9	9	1	4	6,2	0,0	2,3	6,2	2,5	5,8	0,0	0,0	2,0	3,3	6,8	6,4	1,8	5,3
1	1	9	9	2	1	8,2	0,0	0,0	8,0	7,4	8,3	0,0	0,0	0,0	4,0	6,0	5,0	2,6	5,4
1	1	9	9	3	2	5,1	1,5	4,9	3,1	1,5	4,9	1,2	1,5	5,0	1,0	6,5	5,8	3,0	1,1
1	1	9	9	4	5	4,5	1,0	6,8	5,8	2,0	4,8	1,0	1,3	3,0	1,0	6,1	4,7	1,5	1,0
1	1	9	9	5	6	4,6	0,0	4,7	3,0	1,5	4,5	0,0	0,0	4,2	3,4	6,1	5,9	3,7	1,0
1	1	9	9	6	3	2,2	7,4	4,7	2,9	0,0	3,0	7,0	8,0	2,0	1,0	6,0	3,6	6,1	0,6
1	1	10	10	1	5	4,8	2,2	3,8	4,2	4,1	4,9	0,0	0,0	3,6	3,2	6,4	5,6	1,7	0,8
1	1	10	10	2	3	1,6	6,6	8,3	1,4	0,0	1,7	9,2	7,7	1,9	0,5	2,0	5,0	8,1	0,0
1	1	10	10	3	1	8,4	0,0	0,0	6,7	8,8	8,1	0,0	0,0	0,0	6,4	7,5	5,6	0,7	0,6
1	1	10	10	4	6	4,7	1,8	6,0	3,9	2,1	4,9	0,0	0,0	2,9	3,7	7,8	5,4	1,7	0,5
1	1	10	10	5	4	5,4	2,0	3,3	4,0	3,2	5,0	0,0	0,0	1,5	4,4	4,3	3,8	1,5	4,9
1	1	10	10	6	2	6,8	0,8	4,3	2,4	2,0	4,8	0,0	0,0	3,0	5,7	7,0	2,7	5,7	0,0
1	1	11	11	1	6	6,6	0,7	2,2	2,0	3,4	4,5	0,4	0,0	1,0	1,0	7,4	2,2	1,0	0,0
1	1	11	11	2	2	7,5	0,0	1,0	2,9	3,4	5,3	0,0	1,3	0,0	1,5	6,7	3,5	4,2	0,9
1	1	11	11	3	3	0,6	8,2	5,2	1,0	1,1	0,6	7,7	3,5	3,3	0,5	5,8	5,2	3,1	0,0
1	1	11	11	4	4	5,9	0,6	0,3	2,7	6,0	6,4	0,0	0,9	0,0	0,8	7,6	3,2	1,3	1,1
1	1	11	11	5	5	7,5	0,0	1,6	1,8	5,2	6,7	0,0	2,9	0,0	1,0	7,0	4,2	2,9	1,0
1	1	11	11	6	1	5,4	2,1	0,6	2,4	6,8	6,7	0,0	1,3	0,0	2,1	5,6	3,8	1,4	1,4
1	1	12	12	1	2	8,9	0,0	1,5	6,0	7,0	9,0	0,0	0,0	0,0	5,5	5,0	7,5	2,4	4,5
1	1	12	12	2	4	6,0	2,3	3,3	5,0	6,0	7,0	0,0	0,0	1,9	3,9	7,4	7,5	3,0	3,0
1	1	12	12	3	6	3,0	2,0	7,5	7,5	0,5	5,0	2,2	0,0	3,8	4,0	3,0	5,0	5,0	4,0
1	1	12	12	4	1	7,5	0,0	0,0	8,3	8,5	7,3	0,0	0,0	0,6	4,0	5,2	7,0	2,5	3,8
1	1	12	12	5	3	3,3	5,9	7,5	4,4	0,6	2,1	7,5	5,0	3,8	4,1	3,0	6,3	8,0	1,0
1	1	12	12	6	5	6,0	0,0	2,8	7,0	6,7	6,6	0,0	0,0	1,0	5,0	7,0	7,0	5,0	5,7
1	2	1	1	1	2	5,3	0,0	2,8	1,0	2,5	4,8	0,0	0,0	1,8	1,8	5,3	4,0	1,5	0,7
1	2	1	1	2	6	6,5	0,0	4,3	2,0	2,6	7,0	0,0	0,0	1,5	1,3	4,0	2,3	3,0	0,0
1	2	1	1	3	1	5,5	1,0	0,5	3,3	5,5	7,0	0,0	0,0	0,0	3,3	4,0	4,3	1,8	3,3
1	2	1	1	4	4	5,5	0,0	1,5	2,5	5,0	6,3	0,0	0,0	3,0	1,0	3,0	4,0	1,3	2,5
1	2	1	1	5	3	1,1	6,3	7,5	1,0	0,0	0,4	7,8	3,9	0,8	0,2	3,6	2,8	7,0	0,2
1	2	1	1	6	5	5,7	0,0	5,0	2,0	4,0	6,2	0,0	0,0	2,5	1,0	5,5	5,0	0,5	0,0
1	2	2	2	1	1	5,9	0,0	0,8	3,4	7,0	5,8	0,0	0,0	0,0	3,3	5,0	5,2	0,0	6,0
1	2	2	2	2	2	7,2	0,0	1,0	4,1	7,7	7,9	0,0	0,0	2,0	3,6	7,9	4,7	2,0	1,0
1	2	2	2	3	3	0,0	8,6	7,6	1,3	2,4	1,4	8,4	4,6	1,0	1,3	3,4	7,4	7,6	0,0
1	2	2	2	4	6	4,5	1,1	5,0	2,5	4,7	5,0	1,2	0,0	2,2	2,4	5,3	5,7	3,3	0,0
1	2	2	2	5	5	7,0	0,0	1,0	4,2	6,8	8,0	0,0	0,0	0,0	4,6	7,2	5,3	1,0	2,9
1	2	2	2	6	4	6,0	0,0	0,8	4,4	5,0	7,7	0,0	0,0	0,0	3,2	5,7	7,7	0,0	1,5
1	2	3	3	1	5	6,7	0,0	0,9	1,9	4,6	6,5	0,0	0,0	1,5	2,7	5,6	5,0	1,6	0,8
1	2	3	3	2	3	0,9	6,3	4,2	2,8	0,9	1,7	5,7	6,8	2,1	1,3	2,9	6,7	4,0	1,3
1	2	3	3	3	4	4,5	0,0	0,8	5,1	7,7	7,7	0,0	0,0	0,0	2,7	3,6	5,4	2,9	2,7
1	2	3	3	4	1	4,8	0,7	1,0	5,3	6,4	5,8	0,0	0,0	0,0	4,5	7,0	5,5	2,7	1,0
1	2	3	3	5	6	5,6	0,0	5,2	4,4	1,5	4,7	0,0	0,0	2,9	4,9	7,1	5,8	3,0	0,8
1	2	3	3	6	2	6,2	0,0	2,4	3,4	5,4	6,0	0,0	0,0	3,5	3,0	6,9	6,1	7,0	1,0
1	2	4	4	1	3	2,9	7,2	6,3	2,3	2,4	3,2	6,7	5,0	4,2	2,2	4,0	5,3	5,2	0,6
1	2	4	4	2	1	6,0	0,7	1,6	4,0	7,8	7,7	0,7	0,3	0,3	4,7	6,2	6,0	2,0	2,6
1	2	4	4	3	5	7,8	0,7	3,0	4,6	5,6	6,7	0,5	0,5	0,5	4,0	5,0	4,6	4,5	4,4
1	2	4	4	4	2	3,2	0,5	3,5	3,8	5,8	6,7	0,6	0,7	0,6	4,2	7,2	3,3	2,1	3,2
1	2	4	4	5	4	4,2	1,3	3,6	4,6	5,9	5,2	1,5	2,0	2,4	4,6	6,9	5,8	3,5	1,3
1	2	4	4	6	6	6,1	1,5	4,4	4,1	6,2	5,2	1,5	2,2	0,7	4,0	6,2	5,2	4,0	1,0
1	2	5	5	1	6	7,0	0,0	1,9	5,6	6,0	6,9	0,0	0,0	1,0	4,5	8,0	5,3	2,3	4,4
1	2	5	5	2	4	4,9	0,0	4,8	5,7	3,9	5,3	0,0	0,0	3,4	3,8	4,6	4,8	3,4	2,8
1	2	5	5	3	2	5,3	0,0	3,3	4,3	5,0	5,4	0,0	0,0	2,6	5,5	7,4	3,0	3,2	5,6
1	2	5	5	4	5	3,8	0,0	6,8	4,6	2,0	4,5	0,0	0,0	4,6	5,9	4,3	5,8	4,2	1,9
1	2	5	5	5	1	5,1	0,0	1,9	4,2	5,9	6,5	0,0	0,0	2,1	5,5	3,3	4,4	2,3	2,4
1	2	5	5	6	3	2,4	7,2	7,5	3,6	2,3	3,0	8,0	5,5	3,9	3,5	2,3	7,2	5,9	0,8
1	2	6	6	1	4	7,2	0,0	2,7	4,3	3,2	7,2	0,0	0,0	0,0	2,6	6,5	3,9	3,0	1,7
1	2	6	6	2	5	7,1	1,2	3,4	4,3	3,0	6,8	2,3	1,8	1,7	2,4	6,3	4,9	3,6	2,4
1	2	6	6	3	6	7,6	0,0	2,0	3,9	3,3	7,6	0,0	0,0	1,0	2,8	7,2	5,6	4,6	1,8
1	2	6	6	4	3	1,7	7,6	6,9	5,4	1,0	3,0	7,7	3,2	3,6	2,8	6,1	6,2	6,2	0,0
1	2	6	6	5	2	8,0	0,0	1,0	4,2	7,0	8,0	0,0	0,0	0,0	3,2	7,2	4,1	3,7	3,2
1	2	6	6	6	1	8,3	0,0	0,7	4,3	6,4	7,4	0,0	0,0	0,0	2,7	7,8	3,9	3,9	4,0
1	2	7	7	1	4	5,1	0,0	2,4	4,4	6,1	6,1	0,0	0,0	1,3	1,9	6,9	4,9	4,0	0,6
1	2	7	7	2	1	7,8	0,0	0,5	3,1	7,9	7,8	0,0	0,0	0,0	3,5	6,9	6,7	4,1	3,2
1	2	7	7	3	2	5,5	0,0	5,3	4,3	4,3	5,4	0,0	0,0	2,7	3,8	3,7	2,7	5,3	0,7
1	2	7	7	4	5	5,2	0,0	6,5	5,9	3,6	5,9	0,0	0,0	3,0	4,6	4,0	3,7	4,8	2,2
1	2	7	7	5	6	5,7	0,0	2,4	5,9	5,9	4,6	0,0	0,0	4,1	2,3	8,0	5,9	3,3	0,6
1	2	7	7	6	3	3,5	7,3	6,2	4,0	2,0	4,0	7,8	4,2	1,0	1,3	1,5	3,5	6,6	0,3
1	2	8	8	1	5	6,2	0,0	2,9	5,8	5,2	5,9	0,0	0,0	1,1	4,9	5,5	4,8	0,3	1,6
1	2	8	8	2	3	0,5	7,7	8,1	1,5	1,2	2,9	7,8	5,7	3,2	2,1	3,2	7,0	3,2	0,0
1	2	8	8	3	1	7,6	0,0	0,5	6,5	6,9	7,5	0,0	0,0	0,0	6,5	6,6	6,4	0,2	1,0
1	2	8	8	4	6	6,7	0,0	3,5	4,9	4,7	5,4	0,0	0,0	0,9	5,1	7,5	7,0	1,0	0,5
1	2	8	8	5	4	5,3	0,0	0,9	7,0	6,2	6,9	0,0	0,0	0,2	5,5	5,5	5,3	0,0	2,5
1	2	8	8	6	2	6,5	0,0	0,9	6,3	5,7	6,4	0,0	0,0	0,0	4,2	6,5	5,9	2,0	1,0
1	2	9	9	1	6	4,4	0,0	2,7	5,6	4,2	4,8	0,0	0,0	2,6	1,0	6,2	4,6	3,1	1,4
1	2	9	9	2	2	6,5	0,0	2,5	3,6	7,1	7,1	0,0	0,0	0,0	1,6	7,0	5,8	1,8	3,4
1	2	9	9	3	3	2,0	6,0	5,8	2,0	0,6	3,5	6,8	8,1	2,1	0,5	5,4	5,3	4,9	0,5
1	2	9	9	4	4	7,5	0,0	0,8	5,0	7,1	7,8	0,0	0,0	0,0	3,5	7,5	6,0	1,6	6,4
1	2	9	9	5	5	5,2	0,0	2,9	6,0	2,8	5,8	0,0	0,0	4,1	1,0	8,2	5,3	1,5	0,0
1	2	9	9	6	1	8,0	0,0	0,0	7,5	8,5	8,2	0,0	0,0	0,0	4,0	6,5	5,7	1,0	2,0
1	2	10	10	1	2	5,3	0,6	2,4	4,6	4,9	5,3	0,0	0,0	1,3	4,0	7,8	3,1	4,2	6,0
1	2	10	10	2	4	5,8	0,0	0,0	5,5	6,1	5,8	0,0	0,0	0,0	6,4	7,5	5,4	1,8	0,0
1	2	10	10	3	6	4,2	0,9	4,5	5,1	2,0	4,3	0,0	0,0	4,0	2,0	6,5	4,4	0,4	0,0
1	2	10	10	4	1	6,4	0,0	0,0	7,2	8,8	8,7	0,0	0,0	0,0	6,3	5,1	6,3	0,4	0,9
1	2	10	10	5	3	0,8	7,7	8,0	3,0	0,0	2,3	8,8	8,0	4,3	0,0	3,0	6,0	8,0	0,0
1	2	10	10	6	5	4,6	0,6	3,4	5,4	5,4	4,7	1,0	0,0	0,0	5,3	4,3	6,3	1,7	0,0
1	2	11	11	1	3	0,0	8,0	4,9	0,0	0,8	0,6	7,7	3,3	4,5	1,0	6,1	4,7	3,0	0,0
1	2	11	11	2	6	8,0	0,0	1,9	2,1	4,7	6,9	0,0	0,0	0,5	0,8	8,1	3,5	2,6	0,5
1	2	11	11	3	5	5,3	0,4	2,5	2,5	4,5	5,7	0,0	0,0	0,0	1,8	5,7	3,1	2,1	0,0
1	2	11	11	4	2	6,7	0,0	1,1	1,9	2,7	6,2	0,0	1,4	0,0	1,0	8,2	2,5	3,8	0,0
1	2	11	11	5	1	6,3	0,3	0,0	3,5	7,5	6,7	0,0	0,0	0,0	2,5	5,4	2,5	0,8	1,0
1	2	11	11	6	4	4,6	2,8	1,9	1,0	3,0	4,9	1,6	0,0	0,0	1,0	5,2	3,5	0,9	0,0
1	2	12	12	1	1	6,9	0,2	0,7	6,5	7,7	8,2	0,3	0,3	1,6	5,5	5,0	6,5	2,9	6,5
1	2	12	12	2	5	4,4	0,3	5,4	6,0	3,7	4,8	0,2	0,3	4,1	1,6	7,9	3,3	3,8	2,8
1	2	12	12	3	4	6,1	0,3	4,0	7,1	3,7	5,6	0,3	0,3	3,4	6,2	3,6	6,8	4,9	4,5
1	2	12	12	4	3	2,9	6,4	8,2	5,9	1,2	4,0	7,6	5,6	3,9	3,2	3,2	3,2	7,5	1,3
1	2	12	12	5	2	7,4	0,4	3,4	7,4	5,7	8,8	0,4	0,4	1,6	6,0	8,0	6,1	5,1	3,3
1	2	12	12	6	6	5,0	2,2	4,0	6,7	5,4	5,8	0,3	0,3	4,2	5,0	7,0	6,1	5,0	3,9
1	3	1	1	1	5	4,0	1,5	2,4	1,5	3,0	5,5	0,5	0,0	0,6	1,0	5,7	6,5	0,7	0,0
1	3	1	1	2	3	0,5	7,5	8,5	0,0	0,0	0,0	8,0	3,5	0,7	1,0	3,7	2,5	6,0	0,0
1	3	1	1	3	4	7,0	0,0	0,5	3,3	4,5	7,5	0,0	0,0	0,7	2,5	6,5	6,0	0,7	3,0
1	3	1	1	4	1	5,0	1,3	0,0	5,5	5,0	7,7	0,0	0,0	3,0	4,5	3,5	5,0	0,5	2,3
1	3	1	1	5	6	4,5	0,5	1,7	1,7	2,3	5,7	0,0	0,0	1,0	1,0	7,0	6,7	1,3	0,0
1	3	1	1	6	2	6,0	0,7	4,0	1,7	3,5	6,5	0,0	0,0	0,5	0,7	6,0	4,0	2,0	0,0
1	3	2	2	1	3	1,0	8,7	7,1	1,1	1,1	1,0	7,6	4,8	1,0	1,2	2,8	8,4	7,3	0,0
1	3	2	2	2	1	7,6	0,0	0,0	4,0	7,7	7,8	0,0	0,0	0,0	4,2	4,9	6,9	1,7	5,0
1	3	2	2	3	5	8,0	0,0	2,0	3,6	6,0	8,2	0,0	0,0	2,2	3,0	7,4	6,0	1,0	1,9
1	3	2	2	4	2	8,5	0,0	1,0	5,1	6,2	8,5	0,0	0,0	0,0	4,0	7,9	5,0	2,9	1,0
1	3	2	2	5	4	6,4	0,0	1,0	4,7	7,4	6,2	0,0	0,0	0,0	3,7	4,9	7,4	1,0	4,0
1	3	2	2	6	6	6,1	0,0	3,9	1,6	4,4	6,0	0,0	0,0	3,3	4,1	7,4	5,4	1,5	1,0
1	3	3	3	1	6	5,9	0,0	2,5	4,2	4,3	6,6	0,0	0,0	3,1	2,0	5,2	4,4	4,1	1,1
1	3	3	3	2	4	6,3	0,0	0,7	5,8	7,1	7,3	0,0	0,0	1,0	4,3	7,8	4,7	4,0	1,5
1	3	3	3	3	2	4,3	0,0	1,9	5,4	5,4	6,0	0,0	0,0	0,0	2,7	4,9	5,5	6,5	0,7
1	3	3	3	4	5	3,9	0,0	4,0	2,9	2,8	4,6	0,0	0,0	1,7	1,0	6,0	4,3	3,2	0,0
1	3	3	3	5	1	6,0	0,0	0,4	3,1	6,7	7,2	0,0	0,0	0,0	2,2	6,5	5,8	3,5	3,4
1	3	3	3	6	3	1,3	6,1	4,7	3,9	1,2	2,0	5,1	6,5	2,0	3,2	2,3	6,9	7,0	1,3
1	3	4	4	1	4	6,0	0,5	2,2	3,5	6,1	6,8	0,7	0,8	0,6	4,2	4,7	5,2	3,5	4,2
1	3	4	4	2	5	4,7	0,5	3,2	5,0	7,2	7,0	0,5	0,3	0,6	4,7	6,7	4,3	2,7	2,8
1	3	4	4	3	6	5,2	0,5	3,8	5,4	7,2	5,0	0,5	1,8	0,6	5,0	7,5	5,4	2,1	1,5
1	3	4	4	4	3	2,3	7,5	6,5	1,7	2,8	3,6	7,8	5,8	4,3	1,0	3,1	6,3	5,2	1,0
1	3	4	4	5	2	5,0	1,1	2,5	5,0	7,0	6,9	0,7	0,6	0,5	4,3	7,3	5,8	4,1	2,7
1	3	4	4	6	1	6,6	0,9	1,0	5,8	8,2	8,0	0,6	0,8	0,8	6,6	3,4	7,2	2,8	4,0
1	3	5	5	1	2	5,4	0,0	2,8	3,5	5,2	6,1	0,0	0,0	1,9	4,1	7,6	4,2	4,0	6,6
1	3	5	5	2	6	4,0	0,0	5,8	6,2	2,5	4,8	0,0	0,0	4,0	5,4	7,3	3,4	3,1	2,9
1	3	5	5	3	1	6,7	0,0	1,1	5,8	7,5	6,5	0,0	0,0	0,0	5,0	3,3	5,1	0,8	4,7
1	3	5	5	4	4	5,4	0,0	4,6	4,8	6,2	6,3	0,0	0,0	2,4	4,2	5,7	5,9	0,9	1,8
1	3	5	5	5	3	2,9	7,0	6,6	3,0	2,2	3,3	7,5	5,5	2,9	3,8	3,2	7,0	5,5	0,7
1	3	5	5	6	5	4,5	0,0	4,6	3,9	3,7	5,2	0,0	0,0	1,5	4,6	4,4	5,9	3,1	3,4
1	3	6	6	1	1	8,0	0,0	0,7	2,9	7,0	8,3	0,0	0,0	0,0	1,7	6,3	4,5	2,8	2,9
1	3	6	6	2	2	7,0	2,2	4,0	3,1	3,2	6,8	1,7	0,7	1,0	2,7	6,4	5,8	3,0	1,8
1	3	6	6	3	3	3,0	7,3	7,3	3,9	0,4	2,7	7,1	3,5	3,9	3,5	5,5	6,3	6,3	0,0
1	3	6	6	4	6	8,0	0,0	1,5	2,2	6,5	7,0	0,0	0,0	1,0	1,0	7,8	5,3	5,0	1,0
1	3	6	6	5	5	7,9	0,0	2,4	1,6	6,0	7,1	0,0	0,0	0,0	1,2	6,8	6,0	2,3	2,4
1	3	6	6	6	4	6,6	2,2	3,9	2,8	2,5	5,6	1,9	0,0	1,1	3,2	6,2	5,8	4,2	1,2
1	3	7	7	1	6	7,8	0,0	1,2	1,6	7,0	7,4	0,0	0,0	0,9	1,7	7,4	4,4	3,1	0,4
1	3	7	7	2	2	5,9	0,0	2,1	2,9	6,7	6,9	0,0	0,7	3,3	2,1	5,8	4,6	4,3	4,1
1	3	7	7	3	3	3,1	8,1	7,9	4,8	2,0	3,4	8,3	4,9	0,9	2,6	3,0	4,4	7,2	0,6
1	3	7	7	4	4	5,1	0,0	1,6	2,5	7,5	6,6	0,0	0,0	0,6	2,7	2,7	5,0	4,1	6,0
1	3	7	7	5	5	4,6	0,0	2,9	4,8	7,0	5,8	0,0	0,0	2,6	1,4	4,5	4,1	3,6	1,2
1	3	7	7	6	1	8,4	0,0	0,4	3,3	7,4	8,6	0,0	0,0	0,6	3,3	3,9	6,9	3,2	0,5
1	3	8	8	1	2	6,7	0,0	4,2	5,3	4,6	5,5	0,0	0,0	1,1	4,7	6,7	6,1	2,2	0,2
1	3	8	8	2	4	6,6	0,0	0,5	6,0	6,6	6,8	0,0	0,0	0,0	5,2	6,7	6,5	1,0	1,6
1	3	8	8	3	6	5,4	0,0	1,8	4,2	4,2	5,2	0,0	0,0	1,0	5,7	8,0	6,2	1,5	2,3
1	3	8	8	4	1	6,3	0,0	0,7	6,6	5,8	6,4	0,0	0,0	0,0	5,2	5,3	5,2	0,5	1,0
1	3	8	8	5	3	0,6	7,9	7,8	2,5	2,2	2,5	8,7	5,8	3,3	1,5	2,8	6,1	4,4	0,0
1	3	8	8	6	5	5,4	0,0	2,0	4,4	4,4	5,2	0,0	0,0	0,0	4,3	6,6	5,6	1,0	0,0
1	3	9	9	1	3	3,1	6,8	4,6	2,6	2,7	3,8	6,0	6,6	1,6	0,0	5,4	5,1	4,1	0,0
1	3	9	9	2	6	6,8	0,0	1,2	5,0	7,1	7,5	0,0	0,0	1,6	1,0	8,0	6,4	0,8	1,0
1	3	9	9	3	5	7,8	0,0	1,0	5,1	7,4	7,8	0,0	0,0	0,0	1,8	7,8	3,5	1,3	0,8
1	3	9	9	4	2	7,8	0,0	1,0	2,3	6,8	7,5	0,0	0,0	0,0	0,5	8,5	5,9	2,2	1,4
1	3	9	9	5	1	7,8	0,0	1,8	8,0	6,0	8,0	0,0	0,0	0,0	6,2	7,5	5,9	1,8	4,4
1	3	9	9	6	4	8,0	0,0	1,0	4,1	7,2	8,1	0,0	0,0	0,0	2,0	8,0	5,4	1,6	1,2
1	3	10	10	1	1	6,2	0,0	0,5	6,8	7,0	7,0	0,0	0,0	0,0	6,2	6,5	7,3	1,0	1,0
1	3	10	10	2	5	5,5	0,7	4,6	4,3	4,2	4,8	0,0	0,0	3,7	2,7	8,8	4,9	3,0	0,0
1	3	10	10	3	4	6,0	0,4	1,5	5,9	6,0	6,0	0,0	0,0	0,9	1,8	6,8	3,4	4,0	3,0
1	3	10	10	4	3	1,5	7,6	8,2	1,4	0,0	1,5	9,5	8,0	1,3	0,0	5,9	5,0	9,0	0,0
1	3	10	10	5	2	5,2	0,0	1,9	4,8	5,3	5,5	0,0	0,0	0,0	2,9	9,2	5,8	5,3	0,0
1	3	10	10	6	6	5,2	1,0	3,6	2,8	4,7	5,6	0,0	0,0	2,4	1,3	9,5	5,8	3,8	3,0
1	3	11	11	1	4	7,7	0,0	2,8	2,9	3,8	7,7	0,0	0,0	0,0	1,0	7,8	3,5	0,7	1,0
1	3	11	11	2	1	7,2	0,0	1,9	3,1	5,1	7,5	0,0	0,0	0,0	2,0	8,1	4,3	0,8	1,0
1	3	11	11	3	2	6,6	0,0	0,8	1,3	2,2	4,7	0,0	2,3	0,0	1,0	7,5	4,2	3,1	0,0
1	3	11	11	4	5	6,2	0,0	3,8	1,6	3,6	5,4	1,8	1,1	0,6	1,5	6,1	3,4	2,4	0,0
1	3	11	11	5	6	4,8	3,3	2,7	1,5	3,0	5,0	1,5	0,0	1,1	1,0	5,4	3,7	4,7	3,4
1	3	11	11	6	3	0,0	8,3	4,6	1,0	0,7	2,8	7,0	3,8	3,6	1,0	5,2	4,8	3,7	0,0
1	3	12	12	1	5	5,3	0,6	3,5	6,7	7,0	7,0	0,4	0,3	4,0	3,6	5,1	4,8	5,2	3,9
1	3	12	12	2	3	3,7	7,7	8,0	5,6	1,2	3,8	7,3	5,1	4,0	1,9	2,2	7,2	8,2	1,2
1	3	12	12	3	1	9,2	0,3	0,4	7,7	9,0	8,6	0,4	0,3	3,1	7,4	4,8	7,5	2,9	5,4
1	3	12	12	4	6	5,9	0,6	5,1	6,5	3,9	5,6	0,3	0,5	4,0	4,4	8,1	5,8	5,8	3,0
1	3	12	12	5	4	6,7	0,7	2,2	7,7	6,4	8,3	0,4	0,4	3,7	5,4	3,2	7,6	3,4	6,4
1	3	12	12	6	2	4,7	1,8	4,2	6,4	2,9	3,9	1,2	0,2	4,9	5,4	5,7	4,6	6,6	2,3
2	1	13	1	1	1	8,3	0,9	5,0	2,1	6,5	8,8	0,1	0,1	0,1	4,5	5,9	8,3	2,5	2,8
2	1	13	1	2	3	6,0	6,3	8,3	0,1	1,3	4,1	8,8	3,5	2,6	3,0	4,0	7,5	4,6	0,1
2	1	13	1	3	5	6,6	1,5	5,3	3,1	6,3	8,9	0,1	0,1	0,1	5,5	9,4	7,4	3,3	6,9
2	1	13	1	4	2	7,3	1,4	7,1	0,1	5,3	7,4	0,1	0,1	0,1	3,5	8,4	8,3	3,1	1,1
2	1	13	1	5	4	6,6	1,5	5,3	3,1	6,3	8,9	0,1	0,1	0,1	5,5	9,4	7,4	3,3	6,9
2	1	13	1	6	6	6,8	1,4	6,0	1,0	3,9	5,5	1,4	2,8	1,3	2,6	8,3	7,3	2,5	2,9
2	1	14	2	1	3	3,0	10,0	9,9	0,1	0,1	1,6	4,9	1,9	3,1	0,1	0,1	3,5	4,9	0,1
2	1	14	2	2	2	5,0	1,8	3,0	2,9	7,5	7,9	0,1	0,1	0,1	2,5	3,4	3,4	2,5	0,1
2	1	14	2	3	1	5,1	2,5	0,1	4,6	10,0	10,0	0,1	0,1	0,1	2,4	4,0	4,0	2,5	0,1
2	1	14	2	4	6	2,6	1,9	4,8	3,5	0,1	1,8	0,1	0,1	0,1	2,8	3,8	3,6	5,0	0,1
2	1	14	2	5	5	3,0	2,1	4,9	2,9	4,9	7,3	0,1	0,1	0,1	2,9	5,0	3,1	2,8	0,1
2	1	14	2	6	4	2,6	4,9	4,9	2,5	7,3	4,9	0,1	0,1	0,1	0,1	5,1	4,1	2,8	2,4
2	1	15	3	1	5	5,9	5,1	7,9	0,1	2,5	6,1	3,8	1,6	0,1	1,4	3,8	5,1	1,8	0,1
2	1	15	3	2	1	8,9	2,3	2,6	1,8	7,9	10,0	0,9	0,1	0,1	1,5	7,8	3,8	0,1	1,3
2	1	15	3	3	4	6,1	2,8	7,8	1,0	4,9	4,3	3,5	1,1	0,8	0,1	5,8	5,9	0,1	0,9
2	1	15	3	4	3	2,3	6,3	9,4	0,1	1,0	1,4	8,8	8,3	0,1	0,1	2,3	6,1	2,8	0,1
2	1	15	3	5	6	5,8	3,9	8,3	2,4	2,0	5,9	5,9	0,1	0,1	0,1	6,5	2,4	1,4	0,1
2	1	15	3	6	2	4,8	4,9	5,8	0,1	2,4	5,1	6,8	5,1	0,1	1,3	8,8	1,1	3,1	0,1
2	1	16	4	1	4	6,1	1,4	2,5	0,1	2,1	4,1	0,1	0,1	0,1	0,1	3,5	4,4	1,3	0,1
2	1	16	4	2	5	6,8	0,1	3,6	0,1	1,9	3,1	1,8	0,1	0,1	0,1	3,1	6,1	2,5	0,1
2	1	16	4	3	6	7,4	1,9	3,9	0,1	2,4	4,0	1,8	1,5	1,8	0,1	4,8	3,5	2,9	0,1
2	1	16	4	4	1	7,3	0,1	1,9	1,5	3,6	4,5	0,1	0,1	0,1	1,4	2,4	5,6	2,5	0,1
2	1	16	4	5	2	4,1	1,4	3,1	0,1	2,8	2,6	0,1	0,1	1,5	1,4	3,9	4,1	2,5	0,1
2	1	16	4	6	3	4,0	3,5	4,9	0,1	0,1	2,5	4,3	3,6	3,3	1,6	1,9	6,6	1,8	0,1
2	1	17	5	1	2	8,9	1,6	6,3	8,0	7,6	9,6	3,1	5,5	2,6	6,6	9,5	7,5	6,4	3,8
2	1	17	5	2	6	6,3	5,4	7,1	5,3	7,8	7,6	4,4	6,6	5,5	0,1	6,9	8,9	2,4	2,0
2	1	17	5	3	3	7,6	4,4	10,0	9,3	4,9	9,4	8,5	8,3	6,6	0,1	2,4	9,3	3,1	0,1
2	1	17	5	4	4	5,8	2,4	5,3	5,4	8,8	7,5	2,1	2,5	2,8	5,3	5,4	5,4	6,5	5,6
2	1	17	5	5	1	6,6	3,0	5,6	6,4	7,8	5,4	3,0	2,0	0,1	7,3	7,3	4,4	8,5	8,9
2	1	17	5	6	5	8,8	2,4	9,1	5,8	7,1	6,1	0,1	3,4	4,0	0,1	9,1	7,5	2,8	2,6
2	1	18	6	1	6	6,8	2,1	3,9	4,0	5,1	5,4	0,1	0,1	0,1	3,8	5,1	7,3	2,1	0,1
2	1	18	6	2	4	6,4	0,1	6,5	4,9	3,9	5,0	0,1	0,1	2,6	2,8	4,4	7,8	0,1	2,9
2	1	18	6	3	2	3,1	2,3	8,1	4,1	2,9	4,3	0,1	0,1	4,4	2,5	2,9	8,5	0,1	0,1
2	1	18	6	4	5	3,1	5,8	8,3	2,6	2,8	2,6	3,8	1,8	3,3	0,1	4,5	4,6	4,5	2,4
2	1	18	6	5	3	2,4	7,0	8,4	0,1	0,1	2,3	5,1	6,3	0,1	0,1	2,5	4,8	5,5	0,1
2	1	18	6	6	1	7,3	0,1	2,8	5,9	6,9	8,8	0,9	0,1	0,1	4,9	4,9	6,9	0,1	2,5
2	1	19	7	1	6	6,1	0,8	3,0	3,6	2,3	5,6	0,8	1,8	0,1	1,8	6,6	3,0	2,6	2,5
2	1	19	7	2	1	7,3	0,1	1,9	4,6	7,3	7,6	0,1	0,1	0,1	2,6	6,3	6,1	1,9	1,5
2	1	19	7	3	2	6,6	1,6	6,5	1,4	4,3	5,4	1,1	1,5	1,3	1,4	6,5	3,9	2,1	2,0
2	1	19	7	4	5	5,3	2,1	5,9	1,4	2,4	3,9	2,3	2,8	1,3	1,3	6,3	4,4	1,5	1,6
2	1	19	7	5	4	4,1	1,3	3,3	1,6	6,1	6,4	1,1	2,1	0,1	2,3	7,3	6,9	1,1	1,1
2	1	19	7	6	3	2,8	6,8	6,6	1,1	1,4	2,0	7,1	4,1	1,4	0,1	3,3	7,0	3,0	1,9
2	1	20	8	1	4	7,6	0,6	3,3	1,9	5,4	6,3	0,1	0,1	0,1	1,9	4,8	3,8	3,3	0,1
2	1	20	8	2	2	7,9	0,5	2,6	1,4	5,6	6,9	0,1	0,1	0,1	1,4	6,4	4,5	3,3	0,1
2	1	20	8	3	3	4,6	2,5	4,9	1,3	3,6	4,9	3,6	2,5	0,1	1,8	3,5	6,8	2,3	2,1
2	1	20	8	4	6	6,5	0,1	2,6	1,9	5,9	5,6	0,1	0,1	0,1	2,8	6,1	6,3	2,4	2,3
2	1	20	8	5	5	6,3	0,1	2,4	1,4	6,0	5,8	0,1	0,1	0,1	3,5	6,4	4,6	4,6	1,4
2	1	20	8	6	1	7,3	0,1	1,6	2,4	8,3	8,1	0,1	0,1	0,1	5,5	5,5	6,3	1,8	1,3
2	1	21	9	1	3	3,8	6,6	6,6	1,6	2,4	4,3	6,9	5,6	3,0	0,1	4,1	7,5	3,0	0,1
2	1	21	9	2	4	5,5	3,8	7,4	5,0	6,3	6,4	2,6	2,8	1,9	3,4	5,5	6,8	1,4	0,1
2	1	21	9	3	5	7,0	1,4	7,6	5,5	6,1	7,4	1,1	3,1	1,6	5,6	7,4	7,1	0,1	0,1
2	1	21	9	4	2	6,8	2,4	6,1	3,0	6,0	6,9	2,1	0,8	3,9	3,4	5,8	5,9	1,5	3,5
2	1	21	9	5	1	5,3	3,4	7,0	6,0	7,9	8,8	1,4	0,1	0,1	4,3	6,6	6,0	1,6	0,1
2	1	21	9	6	6	6,1	3,4	8,9	2,1	2,5	5,6	3,6	4,9	0,1	2,3	6,5	5,3	5,1	3,5
2	1	22	10	1	2	5,6	2,4	2,0	2,0	7,5	7,6	0,1	1,5	0,1	3,8	4,9	3,3	3,8	2,4
2	1	22	10	2	6	4,8	1,3	5,3	0,9	4,3	5,5	0,1	0,1	0,1	2,1	4,1	7,4	1,5	0,1
2	1	22	10	3	4	4,8	1,1	2,5	0,1	3,1	5,4	0,1	0,1	0,5	0,1	3,5	7,0	1,8	0,1
2	1	22	10	4	1	6,9	2,3	1,9	3,0	7,8	7,9	0,1	0,1	0,1	3,0	4,4	8,1	1,3	0,1
2	1	22	10	5	3	5,9	3,9	8,5	0,1	0,1	3,9	9,1	4,5	2,1	0,1	2,6	4,9	2,3	0,1
2	1	22	10	6	5	5,9	3,1	3,1	1,5	8,4	8,4	0,1	1,1	0,1	3,9	7,0	3,1	0,1	1,1
2	1	23	11	1	1	7,0	1,6	4,0	3,4	4,5	9,3	0,1	0,1	0,1	2,8	9,5	1,1	0,1	2,8
2	1	23	11	2	5	5,1	3,1	7,6	1,6	0,9	6,6	2,6	0,1	0,9	1,3	9,1	3,6	0,1	3,8
2	1	23	11	3	6	5,6	0,9	8,1	1,3	0,1	5,3	2,0	0,1	2,4	0,1	8,3	5,4	2,6	0,1
2	1	23	11	4	3	5,1	3,5	8,9	0,8	0,1	4,4	5,4	3,4	2,1	2,1	2,3	7,0	5,4	1,0
2	1	23	11	5	2	7,6	0,1	5,1	2,4	1,4	9,3	0,1	0,1	0,1	3,0	9,9	7,0	1,3	1,5
2	1	23	11	6	4	7,3	0,1	4,8	4,0	4,1	8,9	0,1	0,1	0,1	3,5	8,4	6,3	0,1	1,4
2	1	24	12	1	5	6,3	2,6	6,8	0,1	3,1	4,8	2,9	0,1	1,0	3,5	7,9	4,8	2,5	1,5
2	1	24	12	2	3	7,1	1,9	8,3	2,8	2,8	3,1	3,6	3,6	1,3	2,8	5,3	7,1	0,1	0,1
2	1	24	12	3	1	5,3	0,1	7,3	4,4	5,6	7,3	0,1	0,1	0,1	4,4	6,1	7,3	3,3	2,4
2	1	24	12	4	4	6,1	1,6	7,9	3,4	5,8	7,4	1,3	2,0	0,1	6,4	7,1	3,9	4,6	2,1
2	1	24	12	5	6	8,1	0,1	8,1	5,6	6,4	8,3	1,5	2,1	0,1	5,9	7,1	7,3	3,5	1,5
2	1	24	12	6	2	6,1	0,1	7,5	1,4	5,1	8,1	0,1	0,1	0,1	6,1	8,3	7,3	5,1	1,3
2	1	25	13	1	1	7,4	0,1	4,6	3,5	7,3	7,8	0,1	0,1	2,1	4,9	5,9	2,8	2,6	2,4
2	1	25	13	2	4	5,3	0,1	6,1	3,8	4,8	4,8	0,1	2,1	2,9	3,8	5,4	4,5	2,8	2,6
2	1	25	13	3	5	5,4	0,1	5,6	4,1	5,5	5,5	0,1	0,1	1,8	3,4	6,1	2,8	3,4	3,5
2	1	25	13	4	6	7,4	0,1	6,8	3,1	4,1	5,0	0,1	2,5	2,8	3,5	6,9	4,3	4,0	2,1
2	1	25	13	5	3	6,4	0,1	7,0	3,1	3,6	4,3	3,6	3,8	0,1	2,8	4,5	6,6	3,8	2,9
2	1	25	13	6	2	7,8	0,1	4,6	5,1	6,5	8,0	0,1	0,1	0,1	5,9	7,8	3,0	2,9	2,3
2	1	26	14	1	4	4,6	0,5	4,8	1,1	2,4	4,8	0,1	0,1	1,0	1,0	6,8	1,8	1,3	1,8
2	1	26	14	2	6	6,8	0,1	7,6	1,4	3,3	6,4	0,1	1,4	2,5	2,9	6,5	4,6	2,4	0,3
2	1	26	14	3	1	7,5	0,1	3,1	2,8	9,1	0,3	0,1	0,4	0,4	4,3	5,6	2,6	0,1	2,6
2	1	26	14	4	2	8,5	0,1	5,5	0,8	1,5	5,1	0,3	0,4	0,8	1,3	8,0	5,3	1,4	1,1
2	1	26	14	5	5	4,5	3,4	6,0	0,3	1,1	3,5	3,5	2,3	2,3	0,8	5,3	4,3	1,3	0,5
2	1	26	14	6	3	3,6	6,3	6,8	0,1	1,9	3,9	3,9	1,0	1,5	0,6	3,4	6,0	4,6	0,6
2	1	27	15	1	5	8,5	1,1	2,9	1,4	5,1	8,6	0,1	0,1	1,0	3,9	6,6	2,8	1,1	0,1
2	1	27	15	2	1	8,9	0,1	2,3	3,1	8,0	9,6	0,1	0,1	0,1	6,0	4,9	5,5	0,9	0,1
2	1	27	15	3	3	6,6	6,4	7,9	1,0	1,8	7,0	7,8	2,0	2,1	1,8	2,4	7,6	3,9	0,1
2	1	27	15	4	4	8,0	0,9	5,4	2,3	7,1	8,3	1,3	0,1	0,1	3,9	7,0	6,0	1,3	0,1
2	1	27	15	5	2	8,5	0,9	6,1	2,0	7,6	8,9	1,1	1,1	1,4	7,0	6,8	2,6	1,9	0,9
2	1	27	15	6	6	9,0	2,6	6,5	1,1	5,0	9,5	3,0	2,3	2,4	3,1	5,0	2,9	2,6	1,0
2	2	13	1	1	5	6,9	1,9	6,8	2,6	4,9	5,4	1,5	2,5	1,4	3,0	6,5	7,3	3,5	2,5
2	2	13	1	2	1	5,9	0,1	5,3	2,9	7,5	9,4	0,1	0,1	0,1	3,8	7,9	8,0	3,3	3,1
2	2	13	1	3	4	6,6	0,1	6,1	2,8	5,6	7,4	0,1	2,1	0,1	3,1	7,5	8,1	4,4	4,5
2	2	13	1	4	3	5,4	5,5	8,6	0,1	1,1	5,0	8,8	5,9	4,4	0,1	5,3	6,5	6,1	0,1
2	2	13	1	5	6	7,1	0,1	7,4	1,3	2,3	5,4	1,3	2,9	0,1	1,4	8,1	8,1	2,8	1,1
2	2	13	1	6	2	6,1	0,1	6,0	0,1	6,5	8,1	0,1	0,1	0,1	2,6	9,3	7,8	4,6	7,1
2	2	14	2	1	4	6,8	2,1	3,1	1,9	6,8	6,9	0,1	0,1	0,1	2,0	1,9	4,6	1,9	0,1
2	2	14	2	2	5	2,3	6,6	6,6	2,0	4,8	4,9	0,1	0,1	0,1	2,0	2,3	4,9	2,3	0,1
2	2	14	2	3	6	2,5	6,3	9,8	1,4	4,8	4,9	0,1	0,1	0,1	3,3	2,1	4,8	2,6	0,1
2	2	14	2	4	1	2,5	6,5	2,5	3,1	6,3	6,5	0,1	0,1	0,1	2,5	2,5	3,1	3,4	0,1
2	2	14	2	5	2	2,1	1,8	9,9	1,3	5,1	5,1	0,1	0,1	0,1	1,8	2,3	3,0	1,8	0,1
2	2	14	2	6	3	0,1	10,0	10,0	0,1	0,1	0,1	10,0	5,1	5,4	0,1	0,1	9,8	0,1	0,1
2	2	15	3	1	2	5,0	3,5	8,3	0,9	4,8	5,8	3,6	0,8	0,1	0,9	5,8	1,0	2,3	2,4
2	2	15	3	2	6	4,0	5,8	8,3	1,6	6,1	4,8	4,8	0,1	0,1	4,6	4,8	1,4	0,9	0,8
2	2	15	3	3	3	3,9	6,4	9,8	0,1	1,6	2,4	8,3	8,3	0,9	0,1	3,4	0,9	4,4	0,1
2	2	15	3	4	4	7,4	3,3	5,9	0,1	6,3	7,4	2,4	0,1	0,1	1,9	6,9	4,9	0,1	3,9
2	2	15	3	5	1	8,9	1,4	4,3	0,1	9,1	9,3	1,4	0,1	0,1	0,1	9,3	1,4	0,1	1,9
2	2	15	3	6	5	6,3	3,4	6,6	1,3	4,0	5,6	5,8	1,8	0,1	0,8	6,8	1,3	2,6	0,9
2	2	16	4	1	6	6,8	2,8	4,1	0,1	2,3	3,9	1,4	0,1	0,1	0,1	4,8	3,1	1,4	0,1
2	2	16	4	2	4	6,0	0,8	2,6	1,4	3,4	4,4	0,1	0,1	0,1	0,1	5,1	3,3	0,1	0,1
2	2	16	4	3	2	7,5	1,3	2,9	1,0	3,5	5,6	0,1	0,1	0,1	0,1	5,9	3,5	1,4	0,1
2	2	16	4	4	5	7,5	1,4	2,4	1,3	4,0	3,5	0,1	0,1	0,1	0,1	4,9	3,9	1,5	0,1
2	2	16	4	5	3	4,5	3,8	5,3	0,1	0,1	2,8	4,5	3,6	3,0	0,1	2,6	5,6	2,5	0,1
2	2	16	4	6	1	6,8	0,1	1,8	1,8	5,3	5,9	0,1	0,1	0,1	0,1	4,8	3,6	1,3	0,1
2	2	17	5	1	1	8,9	4,4	5,5	5,3	9,1	7,3	4,5	5,1	3,0	2,1	9,5	6,4	8,5	5,3
2	2	17	5	2	3	6,6	5,6	9,6	1,1	4,6	9,1	7,6	7,5	8,8	0,1	5,5	9,5	3,1	1,9
2	2	17	5	3	5	8,8	4,4	7,0	8,0	5,8	2,6	5,5	5,1	2,8	7,0	5,3	7,0	6,9	6,8
2	2	17	5	4	2	8,5	2,1	8,0	4,4	4,4	5,6	2,3	0,1	1,4	5,9	9,8	4,8	8,4	8,5
2	2	17	5	5	4	8,1	4,8	7,4	8,6	7,4	5,3	2,9	3,3	1,9	2,4	6,4	7,0	4,8	8,0
2	2	17	5	6	6	7,6	5,1	8,6	7,8	5,3	5,6	5,5	8,4	5,3	0,1	6,9	4,4	8,1	8,9
2	2	18	6	1	3	2,9	6,0	8,3	2,8	1,8	2,6	6,0	4,4	2,1	2,9	2,8	6,0	3,0	0,1
2	2	18	6	2	2	6,1	0,1	4,9	5,1	5,8	5,9	0,1	0,1	2,1	5,1	7,3	6,1	1,8	3,1
2	2	18	6	3	1	6,0	0,1	2,8	6,3	8,1	8,4	0,1	0,1	0,1	8,1	2,8	4,9	3,8	3,0
2	2	18	6	4	6	4,9	3,0	7,5	2,8	2,9	3,9	2,9	1,9	3,0	2,8	3,8	6,1	2,8	1,9
2	2	18	6	5	5	6,1	0,1	7,5	4,9	5,6	6,3	0,1	0,1	0,1	5,0	4,4	7,3	2,8	0,1
2	2	18	6	6	4	8,1	0,1	8,6	2,6	2,9	4,9	1,9	0,1	1,8	2,9	2,9	7,1	2,3	2,9
2	2	19	7	1	3	2,8	6,8	6,6	1,1	1,9	2,1	6,9	2,4	1,3	0,1	3,3	6,9	2,6	0,9
2	2	19	7	2	4	5,9	0,1	4,5	3,4	4,4	6,5	0,1	1,5	0,1	1,8	7,0	4,4	1,9	2,3
2	2	19	7	3	5	5,6	1,6	5,8	2,1	3,5	4,9	1,5	1,5	1,1	1,5	4,5	6,9	1,9	1,4
2	2	19	7	4	2	5,9	0,1	4,0	3,6	5,1	6,6	0,1	1,6	0,1	2,3	6,3	4,8	1,8	2,6
2	2	19	7	5	1	7,6	0,1	2,0	4,9	7,4	7,8	0,1	0,1	0,1	3,5	6,4	6,3	1,8	1,1
2	2	19	7	6	6	5,8	1,4	4,6	1,9	3,5	5,0	1,3	2,0	1,6	1,3	6,6	4,6	2,4	4,0
2	2	20	8	1	2	6,1	0,4	2,1	1,1	7,1	5,6	0,3	0,1	0,1	3,1	7,1	6,0	1,6	0,9
2	2	20	8	2	6	5,9	0,1	4,6	0,3	3,9	4,8	1,5	1,5	0,1	1,3	5,6	7,1	1,3	0,1
2	2	20	8	3	4	7,5	0,1	1,5	1,1	6,3	5,9	0,1	0,1	0,1	3,4	5,6	3,9	3,9	2,4
2	2	20	8	4	1	7,0	0,1	1,5	2,3	8,6	7,6	0,5	0,1	0,1	1,0	5,9	6,5	1,3	2,3
2	2	20	8	5	3	3,9	3,4	5,5	0,5	1,5	3,4	7,1	4,0	1,8	1,1	3,9	4,4	3,6	2,8
2	2	20	8	6	5	6,1	0,1	4,4	1,4	4,4	4,5	1,8	0,9	1,4	0,1	5,6	5,9	3,1	2,1
2	2	21	9	1	1	6,6	2,8	5,0	5,9	7,8	7,9	0,1	0,1	2,5	4,6	5,5	7,1	0,1	3,9
2	2	21	9	2	5	6,3	3,9	6,8	1,8	2,9	4,9	4,4	3,4	3,8	2,1	6,9	6,4	2,6	0,1
2	2	21	9	3	6	7,6	1,9	7,8	2,8	3,6	7,0	3,1	5,0	4,3	2,3	5,9	7,8	0,1	0,1
2	2	21	9	4	3	4,8	6,0	7,1	0,1	1,3	3,3	7,8	6,4	4,9	0,1	2,9	8,0	0,1	0,1
2	2	21	9	5	2	8,6	1,9	6,8	3,5	7,1	8,1	2,3	2,1	2,4	3,1	6,9	5,9	4,1	4,5
2	2	21	9	6	4	6,6	3,3	7,3	4,3	8,1	7,6	2,9	4,1	3,6	1,8	5,0	7,0	0,1	0,1
2	2	22	10	1	5	3,8	2,4	5,5	0,1	2,9	4,5	0,1	1,1	1,3	0,1	5,9	4,4	0,1	0,1
2	2	22	10	2	3	3,6	5,9	8,9	0,1	0,1	2,9	9,0	3,1	0,1	0,9	2,4	7,3	0,1	0,1
2	2	22	10	3	1	7,0	0,1	3,5	1,9	7,4	8,3	0,1	0,1	0,1	1,8	4,5	5,4	2,6	2,8
2	2	22	10	4	4	5,1	1,5	4,3	1,6	5,3	6,5	0,1	0,1	0,1	3,6	3,5	4,3	3,3	4,3
2	2	22	10	5	6	7,6	0,1	6,3	0,1	3,1	6,1	1,4	2,4	0,1	0,1	7,9	4,5	1,8	1,9
2	2	22	10	6	2	7,1	0,1	6,0	0,1	2,4	6,3	0,1	0,1	0,4	2,8	6,6	7,3	0,1	1,8
2	2	23	11	1	6	7,6	1,5	6,9	2,5	2,0	7,9	0,1	0,1	0,1	1,8	8,6	2,4	2,9	1,1
2	2	23	11	2	1	8,4	0,1	2,8	5,5	5,9	9,5	0,1	0,1	0,1	1,6	6,6	4,1	0,1	2,1
2	2	23	11	3	2	8,8	0,1	7,6	2,6	0,9	7,3	1,5	1,0	0,1	2,3	7,9	4,1	3,6	2,3
2	2	23	11	4	5	8,3	0,1	7,0	3,0	1,4	7,4	1,3	0,6	0,1	1,6	7,3	4,3	1,3	1,1
2	2	23	11	5	4	8,1	0,1	7,3	3,4	2,5	7,5	0,1	0,1	0,1	3,8	6,4	4,5	0,1	2,1
2	2	23	11	6	3	7,4	2,6	8,1	1,5	0,1	4,1	6,8	5,0	2,0	2,1	5,3	4,9	4,6	0,6
2	2	24	12	1	4	7,1	0,1	7,9	1,5	5,1	6,3	0,1	0,1	1,0	5,8	8,3	2,6	2,0	1,5
2	2	24	12	2	2	6,9	1,4	7,6	3,5	6,8	7,6	0,1	0,1	0,1	6,9	7,5	5,4	3,9	1,1
2	2	24	12	3	3	5,3	1,9	7,1	0,1	5,3	7,4	1,9	1,9	0,1	5,1	6,0	6,1	3,5	2,1
2	2	24	12	4	6	6,3	1,3	7,8	3,9	6,4	7,6	2,1	1,6	0,1	6,3	8,1	5,1	2,9	1,8
2	2	24	12	5	5	3,3	3,1	8,5	4,1	2,3	4,8	3,5	3,5	0,1	7,8	5,1	7,9	0,1	0,1
2	2	24	12	6	1	6,6	1,6	7,4	2,4	5,1	7,6	0,1	0,1	0,1	6,5	7,1	7,4	0,1	2,0
2	2	25	13	1	5	6,1	1,8	6,9	3,4	6,1	7,5	0,1	0,1	2,3	3,8	7,4	2,5	2,9	2,3
2	2	25	13	2	1	5,1	0,1	4,9	4,8	7,3	8,1	0,1	0,1	0,1	5,1	6,8	3,6	3,6	2,6
2	2	25	13	3	3	3,8	3,3	7,1	3,0	3,6	3,5	4,5	3,8	3,5	2,9	4,9	4,8	3,0	0,1
2	2	25	13	4	4	7,3	0,1	6,1	4,1	6,5	7,8	0,1	0,1	0,1	4,9	5,6	2,6	2,5	2,4
2	2	25	13	5	2	4,9	0,1	4,9	3,3	6,3	6,8	0,1	0,1	2,4	4,9	6,8	3,6	3,8	2,3
2	2	25	13	6	6	6,3	0,1	6,3	4,4	4,9	5,8	0,1	0,1	2,3	3,8	5,9	4,1	4,1	0,1
2	2	26	14	1	6	4,9	4,3	6,5	0,6	1,4	4,1	1,1	0,9	0,1	3,8	5,9	4,1	2,1	0,9
2	2	26	14	2	2	7,3	0,1	4,6	1,4	3,9	0,1	0,1	0,1	0,9	1,6	7,5	2,3	1,5	1,6
2	2	26	14	3	4	7,3	0,1	4,1	3,3	6,5	7,3	0,3	0,1	0,3	1,4	7,1	2,8	1,4	0,1
2	2	26	14	4	3	2,5	5,8	7,8	0,8	0,1	5,6	2,1	2,0	1,3	3,5	5,6	4,9	4,5	0,3
2	2	26	14	5	1	7,4	0,1	4,6	4,6	7,5	7,5	0,1	0,1	0,1	4,3	6,5	1,6	1,3	2,0
2	2	26	14	6	5	4,5	0,1	3,9	1,8	5,5	6,5	0,1	0,1	0,8	1,4	6,6	1,6	0,1	0,1
2	2	27	15	1	3	6,1	7,6	8,1	1,5	3,1	7,1	7,9	3,4	1,1	2,6	3,8	6,1	2,8	0,1
2	2	27	15	2	5	6,9	1,0	4,8	2,1	5,4	8,1	1,3	0,9	1,1	4,9	5,4	5,4	1,3	0,1
2	2	27	15	3	2	8,4	0,1	3,3	2,3	5,8	9,1	1,0	0,1	1,1	4,8	8,3	3,6	1,1	0,1
2	2	27	15	4	1	9,5	0,1	1,8	3,0	8,1	9,4	0,1	0,1	0,1	8,1	3,6	5,9	1,3	0,9
2	2	27	15	5	6	9,1	1,3	3,4	1,1	6,8	9,1	1,1	1,0	1,1	5,0	5,8	6,1	1,3	0,1
2	2	27	15	6	4	9,5	0,1	2,4	2,6	7,9	9,3	0,1	0,1	0,1	8,4	7,8	3,8	1,3	1,6
2	3	13	1	1	2	8,1	1,8	7,4	0,1	6,9	8,6	1,1	2,0	0,1	1,9	9,0	8,0	2,0	0,1
2	3	13	1	2	6	7,1	0,1	7,5	0,1	5,6	7,5	0,9	2,5	0,1	2,4	8,8	8,1	2,4	1,1
2	3	13	1	3	3	4,1	8,1	8,9	0,1	1,6	4,4	9,0	6,3	3,8	0,1	6,5	8,4	4,6	0,1
2	3	13	1	4	4	8,5	0,1	5,8	3,3	7,9	8,8	0,1	0,1	0,1	4,3	7,8	8,0	2,4	3,9
2	3	13	1	5	1	7,5	0,5	6,9	0,9	6,4	7,8	0,1	1,1	0,1	3,8	8,6	7,9	2,9	3,8
2	3	13	1	6	5	7,0	1,6	7,8	2,6	5,3	6,5	0,1	1,9	0,1	3,1	7,1	7,4	2,5	2,8
2	3	14	2	1	6	2,5	2,4	5,1	2,5	5,3	1,5	0,1	0,1	0,1	2,8	5,4	4,1	1,6	0,1
2	3	14	2	2	4	1,4	2,5	9,8	2,4	5,3	5,3	0,1	0,1	0,1	2,5	5,0	2,5	4,0	4,9
2	3	14	2	3	2	7,0	2,9	10,0	3,5	3,0	5,0	0,1	0,1	0,1	2,3	5,1	5,1	2,4	0,1
2	3	14	2	4	5	1,5	0,1	5,0	3,9	2,8	2,8	0,1	0,1	0,1	3,5	5,1	3,5	2,3	0,1
2	3	14	2	5	3	2,3	3,5	9,8	0,1	0,1	0,1	9,6	4,9	3,0	0,1	3,0	5,0	7,5	0,1
2	3	14	2	6	1	9,9	0,1	5,1	4,0	5,1	5,3	0,1	0,1	0,1	2,5	5,3	5,3	7,3	0,1
2	3	15	3	1	1	6,3	4,9	7,4	1,0	5,0	7,3	3,8	0,1	0,1	0,6	5,3	5,9	0,9	0,1
2	3	15	3	2	3	2,4	8,3	9,8	0,1	0,9	2,5	8,1	9,4	0,1	0,1	3,8	1,9	2,6	0,1
2	3	15	3	3	5	7,9	3,0	8,4	0,8	6,1	7,4	3,8	0,1	0,1	0,1	7,9	2,8	1,0	0,1
2	3	15	3	4	2	4,9	2,0	5,0	1,8	5,1	5,4	4,9	0,1	0,1	1,9	5,1	3,5	2,8	1,5
2	3	15	3	5	4	7,9	1,9	4,9	0,1	6,6	4,9	3,9	1,3	0,1	0,1	6,1	0,9	1,0	0,1
2	3	15	3	6	6	4,1	2,8	9,1	0,1	4,3	2,9	5,9	2,3	0,1	0,1	8,9	5,0	4,9	1,4
2	3	16	4	1	3	4,4	4,1	6,9	0,1	0,1	3,4	4,3	2,0	2,5	0,1	2,8	7,0	2,5	0,1
2	3	16	4	2	2	7,1	0,1	2,6	0,1	4,1	5,8	1,1	0,1	0,1	0,1	5,8	4,5	1,9	0,1
2	3	16	4	3	1	5,4	0,1	3,3	1,5	4,6	3,9	0,1	0,1	0,1	0,1	4,6	4,6	1,9	0,1
2	3	16	4	4	6	5,4	0,1	4,0	0,1	3,1	4,0	1,4	0,1	0,1	0,1	7,3	4,8	1,9	0,1
2	3	16	4	5	5	6,3	0,1	3,0	0,1	4,1	4,9	0,1	0,1	0,1	0,1	4,8	4,3	1,6	0,1
2	3	16	4	6	4	5,9	0,1	3,8	0,1	3,1	4,3	2,1	1,6	1,8	0,1	3,6	5,1	2,0	0,1
2	3	17	5	1	5	8,3	4,5	7,9	4,3	7,4	8,4	3,3	4,8	3,0	0,1	9,6	8,6	6,5	4,6
2	3	17	5	2	1	7,3	5,6	6,1	6,9	8,5	8,8	2,3	2,0	0,1	3,5	7,3	6,1	6,3	4,1
2	3	17	5	3	4	8,4	3,4	5,4	8,0	5,3	6,1	2,0	3,5	2,3	0,1	7,6	4,1	5,1	6,3
2	3	17	5	4	3	5,1	6,5	9,8	5,6	3,0	5,6	6,5	6,4	5,6	0,1	5,4	8,9	4,4	0,1
2	3	17	5	5	6	7,9	4,8	8,5	8,6	7,4	7,4	2,1	4,1	2,4	1,6	8,4	7,3	8,6	5,1
2	3	17	5	6	2	8,6	4,8	5,0	8,6	6,3	6,1	1,9	5,3	2,3	2,0	6,1	5,1	7,1	3,9
2	3	18	6	1	4	7,1	0,1	5,9	2,9	6,3	6,1	0,1	0,1	3,1	3,3	4,1	7,6	2,1	0,1
2	3	18	6	2	5	8,3	0,1	3,3	5,1	6,0	6,0	0,1	0,1	3,3	3,8	7,0	5,8	3,0	3,0
2	3	18	6	3	6	6,0	0,1	8,1	1,8	2,9	2,9	2,1	0,1	4,1	0,1	8,3	6,8	2,8	2,8
2	3	18	6	4	1	7,1	0,1	1,9	7,1	8,4	8,6	0,1	0,1	0,1	4,9	3,1	8,9	0,1	3,9
2	3	18	6	5	2	5,0	2,9	5,9	6,0	3,5	4,9	3,0	0,1	2,9	3,0	3,6	7,3	0,1	0,1
2	3	18	6	6	3	3,9	4,9	8,1	0,1	0,1	2,1	7,4	5,1	3,3	0,1	2,9	8,5	3,0	0,1
2	3	19	7	1	1	7,1	0,1	2,9	3,1	5,9	6,5	0,1	0,1	0,1	2,5	7,1	6,3	2,1	3,3
2	3	19	7	2	5	6,0	1,3	4,3	3,1	4,3	4,1	1,4	1,8	0,9	0,1	5,9	7,4	0,1	0,1
2	3	19	7	3	6	6,4	1,1	6,4	1,1	1,9	4,3	0,9	1,5	1,1	0,9	7,4	4,4	1,8	2,5
2	3	19	7	4	3	2,6	6,8	7,0	0,9	1,8	2,5	6,9	4,1	2,3	0,1	2,8	7,5	4,3	1,8
2	3	19	7	5	2	7,1	0,1	3,8	2,5	6,6	7,0	0,1	0,1	0,1	2,4	8,4	5,4	2,4	2,4
2	3	19	7	6	4	6,1	1,3	4,1	1,3	3,6	3,9	1,5	2,5	1,4	1,8	3,5	6,5	1,9	1,4
2	3	20	8	1	5	7,8	0,9	2,4	1,4	7,3	7,1	0,1	0,1	0,1	3,4	7,1	6,3	2,4	1,6
2	3	20	8	2	3	6,5	1,9	5,9	0,3	1,6	5,6	4,8	4,6	0,1	1,4	3,8	7,1	1,6	0,1
2	3	20	8	3	1	6,9	0,4	1,4	1,0	8,4	7,1	0,6	0,1	0,3	5,6	7,4	4,3	3,6	2,5
2	3	20	8	4	4	6,6	0,9	1,9	1,5	4,0	5,3	0,1	0,1	0,3	3,9	6,8	4,5	5,3	3,9
2	3	20	8	5	6	6,5	0,5	2,5	2,5	5,3	5,9	1,4	0,1	0,1	3,4	7,0	5,4	1,9	1,9
2	3	20	8	6	2	6,8	0,1	1,9	1,5	6,8	6,5	0,1	0,1	0,1	3,6	7,4	6,5	1,8	1,6
2	3	21	9	1	6	8,1	2,0	5,4	3,1	6,9	7,9	1,5	3,3	2,4	2,9	6,3	5,4	0,1	0,1
2	3	21	9	2	1	7,5	1,5	4,5	4,6	8,5	8,8	1,1	1,4	1,3	5,9	8,1	7,8	2,4	3,1
2	3	21	9	3	2	6,6	3,8	7,8	2,8	7,3	7,6	2,8	4,1	3,9	3,4	5,5	5,9	4,6	2,1
2	3	21	9	4	5	7,0	1,8	8,1	3,6	8,3	8,1	2,8	2,6	0,1	4,5	6,6	7,5	1,9	3,6
2	3	21	9	5	4	6,6	2,5	8,8	6,3	7,3	7,6	2,5	5,1	4,5	4,4	6,6	7,9	2,1	0,1
2	3	21	9	6	3	4,1	6,6	9,1	1,3	2,9	2,3	8,0	6,6	4,9	0,1	3,4	6,4	4,4	0,1
2	3	22	10	1	4	6,0	0,1	1,8	1,1	8,1	9,1	0,1	0,1	0,1	0,9	4,5	4,5	1,9	1,8
2	3	22	10	2	2	7,5	0,1	4,9	1,3	5,5	7,9	0,1	0,1	0,6	1,1	6,1	7,3	0,1	0,1
2	3	22	10	3	3	8,0	1,8	8,0	0,1	1,9	3,4	6,3	2,5	1,5	0,1	2,6	5,9	0,1	0,1
2	3	22	10	4	6	7,1	0,1	2,8	0,1	5,0	6,3	0,1	1,8	0,1	1,6	5,8	5,4	1,6	0,1
2	3	22	10	5	5	8,1	0,1	1,8	0,1	8,0	9,3	0,1	1,0	0,9	2,4	6,0	5,1	0,1	0,1
2	3	22	10	6	1	9,3	0,1	1,9	2,0	7,3	9,1	0,1	0,1	0,1	5,6	2,4	2,8	2,9	1,8
2	3	23	11	1	3	7,8	2,5	7,6	1,1	2,6	7,8	4,8	1,6	0,1	1,4	7,1	5,4	2,9	0,1
2	3	23	11	2	4	9,3	0,1	4,0	2,8	5,8	8,9	0,1	0,1	0,1	2,8	9,4	3,6	0,1	2,0
2	3	23	11	3	5	7,5	2,0	5,1	3,0	4,1	8,3	0,1	0,1	1,4	3,3	9,8	5,8	0,1	2,9
2	3	23	11	4	2	8,3	0,1	6,5	2,9	2,8	8,9	0,1	0,1	1,1	2,5	9,0	4,0	2,9	2,4
2	3	23	11	5	1	8,1	0,1	2,8	5,4	6,4	9,3	0,1	0,1	0,1	1,6	7,8	4,8	0,1	2,3
2	3	23	11	6	6	7,8	0,1	8,5	1,1	0,1	4,4	0,1	0,1	1,8	1,4	10,0	3,8	4,5	1,6
2	3	24	12	1	2	7,4	1,1	7,8	2,0	4,8	6,3	0,9	2,1	1,3	6,3	8,3	3,0	3,0	1,1
2	3	24	12	2	6	8,3	0,1	8,1	1,6	5,3	7,1	0,1	0,1	1,3	6,1	8,3	5,0	4,5	0,1
2	3	24	12	3	4	5,1	0,1	7,8	3,1	5,9	7,8	0,1	0,1	0,1	6,3	8,3	5,0	3,3	1,4
2	3	24	12	4	1	7,3	1,4	8,3	3,0	6,4	8,6	0,1	0,1	0,1	4,1	5,4	7,3	5,1	2,1
2	3	24	12	5	3	3,3	3,4	9,1	3,4	3,3	4,0	6,8	2,0	2,5	6,3	4,8	8,9	2,6	1,3
2	3	24	12	6	5	7,3	1,0	7,9	2,0	5,1	7,1	1,0	0,1	0,1	4,1	8,1	5,1	2,5	0,1
2	3	25	13	1	3	6,0	2,5	6,6	3,1	4,9	4,3	3,6	2,5	2,5	3,3	5,5	4,4	3,3	2,6
2	3	25	13	2	5	6,9	0,1	4,5	4,6	7,0	7,9	0,1	0,1	0,1	5,8	8,1	2,8	2,1	2,4
2	3	25	13	3	2	7,0	0,1	5,3	6,1	5,4	8,3	0,1	0,1	0,1	5,5	7,5	3,4	2,6	3,1
2	3	25	13	4	1	7,5	0,1	4,4	5,3	7,1	8,1	0,1	0,1	0,1	4,8	6,1	4,5	3,5	2,5
2	3	25	13	5	6	6,9	0,1	6,0	4,3	5,0	5,4	0,1	0,1	2,3	3,8	7,8	3,4	4,6	2,6
2	3	25	13	6	4	7,3	0,1	4,1	5,1	3,6	7,4	0,1	0,1	0,1	4,9	5,1	5,1	3,9	2,6
2	3	26	14	1	2	8,1	0,1	5,8	1,5	5,4	5,5	0,1	0,1	0,9	3,3	6,5	5,4	2,4	1,4
2	3	26	14	2	3	4,3	5,1	6,5	0,1	0,1	0,6	8,1	1,9	1,5	2,1	4,1	6,9	4,8	1,8
2	3	26	14	3	6	5,6	0,1	6,9	1,5	2,9	5,9	0,1	0,9	0,9	2,3	8,1	5,1	1,5	1,4
2	3	26	14	4	5	5,9	0,1	4,1	3,4	3,1	5,4	0,1	0,1	0,6	4,1	7,3	2,4	1,1	0,1
2	3	26	14	5	4	8,3	0,1	3,3	2,3	4,3	8,0	0,1	0,1	0,6	2,9	8,4	2,3	4,4	0,1
2	3	26	14	6	1	6,5	0,1	2,6	2,6	7,0	7,5	0,4	0,3	0,1	3,0	7,8	2,3	1,4	2,5
2	3	27	15	1	1	7,9	1,3	3,1	1,0	6,8	8,8	0,1	0,1	0,1	3,8	5,3	4,6	1,6	0,1
2	3	27	15	2	4	9,1	1,1	4,8	2,0	7,9	9,1	1,3	0,1	1,0	6,9	5,6	4,9	0,8	1,1
2	3	27	15	3	5	7,0	2,4	4,8	1,0	4,8	7,8	1,9	0,9	1,0	4,5	7,5	2,8	1,6	0,1
2	3	27	15	4	6	6,9	4,8	7,5	1,0	4,8	8,3	4,6	2,3	2,3	4,9	5,9	4,8	1,5	0,1
2	3	27	15	5	3	5,3	9,0	9,1	1,0	3,1	5,4	9,0	8,4	2,1	2,4	4,4	7,9	2,8	0,1
2	3	27	15	6	2	9,1	1,0	2,6	1,9	7,9	8,8	1,0	1,1	0,9	7,0	7,3	4,8	1,6	1,0
3	1	28	1	1	4	5,7	0,8	2,5	1,8	4,5	5,3	0,3	0,8	2,2	3,7	4,8	2,9	4,0	1,1
3	1	28	1	2	6	5,5	0,3	3,5	1,5	5,8	4,7	0,3	1,1	1,3	3,1	5,2	3,4	3,4	1,2
3	1	28	1	3	2	5,4	0,2	1,1	2,1	4,5	5,2	0,2	0,2	1,5	5,2	5,6	2,3	1,7	1,7
3	1	28	1	4	5	5,0	1,1	1,6	2,1	3,6	3,7	0,2	2,6	0,7	4,2	3,2	4,9	1,2	0,3
3	1	28	1	5	1	5,1	0,8	0,9	2,4	4,6	4,5	0,3	1,1	1,2	6,9	3,7	5,6	3,2	0,4
3	1	28	1	6	3	4,5	2,5	4,3	1,2	1,8	3,7	5,1	2,0	2,8	2,0	2,2	4,8	5,2	0,8
3	1	29	2	1	6	5,7	0,0	3,7	0,9	5,7	5,5	0,1	1,4	1,4	3,8	5,5	0,7	0,6	2,3
3	1	29	2	2	5	6,5	0,0	4,3	0,8	6,2	7,3	0,1	1,0	0,1	4,6	3,6	5,5	0,4	3,2
3	1	29	2	3	4	7,5	0,0	3,5	1,8	7,3	7,8	0,0	0,5	1,6	3,1	2,7	1,0	4,9	4,5
3	1	29	2	4	3	5,5	5,0	5,5	1,2	1,3	4,4	4,5	3,3	2,5	1,0	1,4	8,0	4,8	0,5
3	1	29	2	5	2	7,6	0,1	1,2	1,5	8,1	8,1	0,0	0,0	0,3	2,9	9,9	0,5	4,5	4,1
3	1	29	2	6	1	5,3	0,0	1,4	3,2	8,2	8,0	0,1	0,1	0,2	4,8	5,1	5,8	1,7	1,8
3	1	30	3	1	2	6,5	0,4	0,3	0,3	6,7	6,3	0,4	1,3	0,3	1,8	4,5	3,5	0,8	0,7
3	1	30	3	2	4	5,7	0,6	1,7	3,3	3,6	6,0	0,3	1,3	0,4	1,8	2,8	7,3	5,8	3,3
3	1	30	3	3	1	7,8	0,4	0,5	2,7	7,1	7,5	0,2	0,3	0,4	3,8	3,6	3,5	1,7	7,3
3	1	30	3	4	6	6,3	0,6	3,6	1,7	3,1	4,0	0,3	0,4	2,1	0,9	3,5	6,3	1,9	2,7
3	1	30	3	5	3	0,7	9,0	8,3	0,3	0,3	0,4	8,0	4,4	4,3	0,7	2,9	5,5	5,5	1,9
3	1	30	3	6	5	6,3	0,4	0,5	2,0	7,0	7,1	0,2	0,3	0,3	2,7	6,6	6,5	2,4	4,0
3	1	31	4	1	1	4,2	3,4	1,0	2,8	6,1	5,0	1,2	1,2	1,0	4,0	4,9	4,1	3,6	2,3
3	1	31	4	2	2	3,6	2,0	1,9	2,2	3,9	4,4	1,0	1,8	1,3	4,8	6,8	5,2	2,6	2,1
3	1	31	4	3	3	4,0	3,8	5,0	0,8	0,4	2,3	4,4	4,8	1,1	2,5	4,8	7,2	4,0	1,6
3	1	31	4	4	4	4,7	1,9	2,9	3,1	3,5	4,8	1,7	0,5	1,0	4,0	5,5	4,1	3,0	3,0
3	1	31	4	5	5	4,0	2,8	1,1	2,2	4,1	4,5	1,2	0,3	1,2	3,3	5,4	4,0	3,1	3,0
3	1	31	4	6	6	4,6	3,3	2,9	2,3	3,0	3,9	2,8	1,4	2,7	2,0	6,2	4,2	3,6	2,2
3	1	32	5	1	5	7,5	1,2	5,7	2,9	6,2	6,4	0,3	3,0	0,8	1,1	8,3	4,0	3,4	1,5
3	1	32	5	2	3	4,9	4,8	7,9	0,1	1,4	5,2	6,5	3,0	2,7	0,1	3,7	6,7	7,2	0,2
3	1	32	5	3	6	7,8	0,5	5,2	1,5	7,0	7,7	0,1	4,6	0,8	2,0	9,0	8,6	2,8	2,3
3	1	32	5	4	1	6,5	3,0	1,8	0,0	9,3	5,5	0,1	0,2	0,1	6,6	6,5	5,8	4,2	7,2
3	1	32	5	5	4	7,8	0,2	3,2	1,2	8,8	7,8	0,1	0,1	1,7	4,2	9,0	6,2	5,8	4,3
3	1	32	5	6	2	6,9	0,3	5,3	2,1	8,0	7,3	0,2	2,9	0,8	3,7	9,3	4,3	8,4	3,0
3	1	33	6	1	3	3,3	5,1	6,7	0,3	0,5	3,1	3,9	4,0	2,3	0,7	5,1	3,5	5,1	0,7
3	1	33	6	2	1	5,3	3,0	2,1	3,0	5,5	7,3	0,5	0,8	1,7	2,9	7,0	4,6	3,3	1,9
3	1	33	6	3	5	4,7	3,2	5,2	1,0	3,6	5,8	2,0	0,9	2,1	1,5	8,1	5,1	1,5	1,7
3	1	33	6	4	2	5,1	2,5	4,5	1,3	2,1	6,0	1,8	1,1	2,0	2,3	7,8	2,7	4,0	1,0
3	1	33	6	5	6	3,7	3,4	4,6	1,5	2,1	4,9	2,2	1,9	2,0	1,8	8,2	4,3	2,0	0,5
3	1	33	6	6	4	5,0	3,0	4,3	1,8	1,6	4,8	1,8	1,3	1,5	3,0	7,1	5,0	4,7	1,0
3	1	34	7	1	3	6,8	3,5	4,3	1,5	1,1	4,7	2,9	5,8	1,3	1,0	4,0	5,4	1,9	1,3
3	1	34	7	2	4	7,5	0,4	1,3	1,9	7,0	8,3	0,2	1,9	0,9	2,2	8,5	4,6	4,0	1,7
3	1	34	7	3	5	7,2	1,5	1,1	0,8	7,8	6,7	0,4	1,4	2,5	4,2	5,2	4,7	4,8	1,4
3	1	34	7	4	2	7,5	0,4	0,4	1,0	8,2	9,1	0,3	0,9	0,5	5,0	5,5	5,8	5,8	1,0
3	1	34	7	5	1	6,4	3,6	0,8	0,7	7,5	7,5	1,7	2,1	0,4	3,0	1,5	4,1	3,8	0,8
3	1	34	7	6	6	7,1	1,5	2,2	0,8	6,1	7,4	0,3	0,5	3,0	2,6	2,2	5,7	7,5	0,5
3	1	35	8	1	1	4,9	1,3	3,7	2,8	4,4	4,4	0,7	2,0	1,6	2,0	7,2	4,3	1,3	0,6
3	1	35	8	2	5	4,9	0,7	4,3	1,6	4,0	4,0	0,7	3,0	1,3	2,1	7,5	4,3	1,2	0,9
3	1	35	8	3	6	4,9	0,6	6,4	1,9	3,7	4,4	1,0	3,0	1,9	2,6	7,7	5,6	2,0	0,8
3	1	35	8	4	3	3,1	2,8	7,6	1,5	2,3	3,7	4,4	3,4	2,8	0,8	6,2	6,6	0,6	0,5
3	1	35	8	5	2	4,4	0,6	4,5	1,5	5,4	5,6	0,4	2,5	1,4	2,7	9,0	2,2	1,8	0,5
3	1	35	8	6	4	5,2	0,8	4,3	2,4	3,2	3,5	0,5	2,9	2,2	2,3	7,5	4,7	1,3	0,5
3	1	36	9	1	6	4,8	2,2	0,9	3,2	3,1	2,9	2,0	1,8	2,8	3,7	6,3	1,9	2,0	2,8
3	1	36	9	2	1	7,4	0,6	0,4	3,9	5,0	5,2	0,3	3,1	1,9	3,5	7,5	0,6	1,6	3,3
3	1	36	9	3	2	7,0	0,8	3,3	2,6	2,6	2,7	2,8	1,2	1,3	3,4	6,8	1,6	2,9	2,7
3	1	36	9	4	5	7,7	1,1	3,2	2,2	2,3	2,3	2,5	2,6	1,2	3,1	4,2	2,9	3,0	3,1
3	1	36	9	5	4	8,4	0,6	1,0	3,0	5,2	5,3	0,6	3,9	1,9	3,4	4,0	1,3	1,3	3,5
3	1	36	9	6	3	5,0	2,9	5,0	3,5	2,0	1,9	4,8	4,9	1,8	1,5	4,6	4,4	1,2	1,0
3	1	37	10	1	5	5,3	1,1	5,1	2,7	4,3	6,2	0,9	1,6	2,4	1,7	6,0	2,8	1,6	2,9
3	1	37	10	2	3	2,4	1,1	6,8	2,1	1,5	3,1	5,4	4,9	2,7	2,7	2,8	6,8	5,6	2,6
3	1	37	10	3	1	7,7	3,2	4,3	3,7	6,3	8,6	1,3	0,6	1,0	3,5	6,5	2,9	2,1	1,2
3	1	37	10	4	4	6,5	1,3	5,8	3,6	5,4	7,6	2,0	1,6	2,2	4,5	7,8	2,0	1,6	4,5
3	1	37	10	5	6	2,6	4,5	8,0	3,2	1,1	4,8	4,4	4,0	3,5	3,4	8,4	2,3	2,1	3,9
3	1	37	10	6	2	7,3	2,2	3,2	1,6	3,6	5,9	3,6	5,4	2,2	1,5	8,2	0,6	2,6	3,6
3	1	38	11	1	4	5,5	4,8	1,1	2,1	8,1	8,1	0,2	0,1	0,1	6,6	6,5	5,4	0,1	0,1
3	1	38	11	2	2	8,0	0,0	2,6	0,1	0,2	5,5	0,0	2,7	0,0	2,1	8,3	3,2	6,5	0,0
3	1	38	11	3	3	0,4	5,7	9,4	0,0	0,0	0,2	7,1	7,1	0,2	0,0	1,3	7,7	0,5	0,0
3	1	38	11	4	6	3,2	4,9	5,6	0,8	0,0	6,9	0,0	5,2	5,1	0,0	8,9	0,9	0,4	1,8
3	1	38	11	5	5	1,6	4,9	1,6	0,0	0,9	4,0	0,0	0,0	0,0	1,6	4,9	6,7	0,0	0,0
3	1	38	11	6	1	7,3	0,1	0,1	0,2	7,0	9,0	0,1	0,0	0,1	3,9	1,6	8,7	0,5	0,0
3	1	39	12	1	2	7,2	1,9	3,1	1,5	8,5	7,2	0,1	4,9	2,0	2,3	7,8	5,4	3,6	2,7
3	1	39	12	2	6	9,1	0,1	4,3	0,2	6,4	8,3	3,6	3,7	4,1	1,0	8,6	4,6	5,9	2,8
3	1	39	12	3	4	7,9	1,6	3,5	2,5	6,6	7,8	0,1	0,1	3,5	1,4	9,4	6,7	3,6	1,5
3	1	39	12	4	1	5,1	6,2	2,0	3,3	8,9	8,9	0,1	7,3	5,2	4,4	6,7	7,5	5,5	3,5
3	1	39	12	5	3	7,9	3,0	0,9	2,9	6,5	9,1	2,3	5,0	4,3	4,6	6,4	1,9	7,2	4,7
3	1	39	12	6	5	6,3	2,1	5,3	2,5	6,7	7,0	2,5	7,7	6,1	2,6	8,4	4,1	1,9	1,2
3	1	40	13	1	4	7,5	1,3	1,2	2,0	3,5	7,0	1,2	6,5	1,9	4,5	6,2	5,5	1,9	1,6
3	1	40	13	2	1	3,1	4,9	1,1	6,0	6,2	7,0	1,9	4,5	5,4	6,0	4,8	3,0	6,2	2,3
3	1	40	13	3	2	3,2	3,0	6,0	2,3	4,5	4,3	2,0	2,9	5,6	8,0	7,8	2,6	2,5	5,0
3	1	40	13	4	3	1,5	7,0	7,8	2,5	2,0	0,0	6,8	2,7	6,6	0,0	2,5	5,8	6,3	6,7
3	1	40	13	5	6	5,0	6,5	2,3	3,5	6,3	7,0	2,2	6,2	2,3	6,4	7,2	3,0	6,3	6,7
3	1	40	13	6	5	5,4	2,4	2,0	2,5	6,6	6,1	2,0	6,0	2,4	4,0	2,6	2,7	3,8	6,2
3	1	41	14	1	1	3,3	4,8	0,1	0,4	4,6	4,1	0,7	0,1	0,0	3,3	5,1	1,6	2,6	1,3
3	1	41	14	2	3	2,9	3,7	4,3	0,1	0,1	0,9	3,8	0,1	1,7	0,3	1,6	4,4	5,3	0,7
3	1	41	14	3	4	3,3	1,1	0,6	0,3	3,4	4,0	0,1	2,2	0,1	3,1	4,1	1,6	4,7	3,1
3	1	41	14	4	5	3,2	0,7	0,8	0,3	2,2	3,1	0,1	1,8	0,0	2,3	1,9	2,6	1,2	2,9
3	1	41	14	5	2	1,5	0,6	0,2	0,3	2,8	2,3	0,1	2,7	0,1	3,5	3,6	4,5	4,9	4,4
3	1	41	14	6	6	1,9	3,8	0,8	0,1	2,5	3,0	1,2	0,1	1,0	3,3	6,1	2,0	4,8	4,0
3	2	28	1	1	2	6,3	1,2	0,6	2,6	5,0	5,0	0,2	0,4	1,6	2,8	2,6	3,3	3,5	0,7
3	2	28	1	2	4	6,0	0,2	0,4	3,2	4,6	4,6	0,3	0,3	1,0	3,5	3,7	4,2	4,0	0,3
3	2	28	1	3	1	5,8	0,2	0,5	3,8	4,8	4,9	0,2	2,2	0,4	5,4	4,1	5,2	4,0	3,0
3	2	28	1	4	6	5,0	0,3	1,9	1,4	3,6	4,9	0,3	2,6	2,2	4,4	4,8	2,9	4,3	1,4
3	2	28	1	5	3	3,9	2,3	3,2	0,9	2,4	3,8	1,6	3,2	1,6	1,7	2,3	5,4	1,7	0,7
3	2	28	1	6	5	5,4	0,2	0,3	2,4	5,2	5,2	0,3	1,4	2,0	4,4	4,9	2,5	4,7	1,5
3	2	29	2	1	1	4,5	0,6	2,9	5,7	5,8	7,0	0,2	0,0	0,0	3,1	4,0	7,0	1,1	3,4
3	2	29	2	2	2	2,1	7,2	5,7	2,1	5,8	5,2	5,7	0,0	2,7	4,8	2,3	1,9	1,7	2,3
3	2	29	2	3	3	6,7	0,1	5,7	0,9	2,0	1,5	6,2	2,0	2,8	3,8	0,5	9,5	8,8	0,1
3	2	29	2	4	4	7,0	0,3	1,7	5,3	4,9	5,2	0,0	0,0	1,0	3,7	5,2	0,7	3,0	3,6
3	2	29	2	5	5	4,5	0,0	1,3	6,0	5,1	4,9	0,7	0,0	1,6	0,4	6,8	2,5	3,2	4,7
3	2	29	2	6	6	6,1	0,0	1,4	3,5	4,1	4,8	0,6	1,6	2,0	0,9	5,7	0,4	6,3	2,5
3	2	30	3	1	5	6,3	0,4	0,5	1,8	7,3	7,9	0,2	1,8	0,6	0,6	3,0	3,7	1,0	5,7
3	2	30	3	2	3	0,6	8,0	7,7	0,2	0,3	0,4	8,4	4,4	4,1	0,5	1,3	7,3	1,3	1,1
3	2	30	3	3	6	7,8	0,2	0,6	0,6	8,5	8,1	0,2	0,3	0,5	2,1	7,8	3,0	3,3	1,5
3	2	30	3	4	1	7,5	0,3	0,4	4,2	8,3	8,2	0,2	0,4	0,3	3,0	4,1	8,3	1,4	3,3
3	2	30	3	5	4	8,2	0,2	3,8	2,7	6,0	6,4	0,3	0,8	0,5	1,0	4,1	3,6	1,3	4,5
3	2	30	3	6	2	7,5	0,3	0,6	3,3	6,0	6,2	0,3	0,2	0,8	3,0	6,1	5,2	6,2	2,2
3	2	31	4	1	3	2,5	4,1	4,2	2,5	2,0	2,3	2,7	1,0	1,5	2,5	3,8	6,1	4,0	1,5
3	2	31	4	2	1	4,3	3,2	1,5	3,7	3,3	4,0	0,5	0,2	0,4	3,9	6,2	3,6	2,6	2,6
3	2	31	4	3	5	4,2	3,0	1,5	1,1	3,5	3,5	1,2	0,9	1,3	3,5	6,2	4,8	2,7	2,2
3	2	31	4	4	2	4,2	2,7	2,5	1,5	3,5	4,2	1,1	1,2	1,4	2,3	7,0	4,2	3,6	2,6
3	2	31	4	5	6	4,0	3,6	2,1	3,7	2,4	3,1	0,8	1,4	1,3	2,5	6,2	4,7	4,0	2,1
3	2	31	4	6	4	4,3	3,1	2,8	3,6	2,7	3,9	0,6	1,5	1,3	3,5	4,5	5,6	3,4	2,4
3	2	32	5	1	4	6,6	0,3	6,3	2,6	2,6	6,0	0,2	3,8	3,1	3,8	2,3	8,0	3,0	7,3
3	2	32	5	2	6	3,9	0,2	4,8	0,2	1,8	4,3	0,2	3,5	1,4	0,2	7,1	7,2	2,9	0,1
3	2	32	5	3	2	4,2	2,5	7,6	0,3	7,5	6,5	0,2	2,6	3,2	4,7	8,0	6,9	6,0	1,1
3	2	32	5	4	5	5,7	0,3	5,1	1,5	3,0	3,5	0,2	0,2	1,1	1,0	6,0	8,7	0,7	2,6
3	2	32	5	5	1	7,5	0,6	3,7	3,8	7,4	7,0	0,2	0,2	1,6	6,6	6,4	7,3	4,2	1,6
3	2	32	5	6	3	4,7	5,8	8,3	0,2	1,2	6,0	7,0	3,7	3,5	0,1	3,5	7,7	7,4	0,3
3	2	33	6	1	6	5,3	2,3	7,3	1,4	0,5	2,0	4,2	5,5	1,5	1,0	5,7	5,0	4,9	0,5
3	2	33	6	2	5	4,0	3,7	3,8	2,4	2,1	5,2	1,2	1,4	1,1	1,4	5,9	4,6	4,4	0,7
3	2	33	6	3	4	5,7	2,9	5,4	3,8	1,3	6,0	1,0	0,7	1,1	1,9	7,4	6,2	4,5	1,8
3	2	33	6	4	3	4,8	3,8	6,9	0,5	0,4	2,5	5,0	7,1	0,9	0,4	5,0	4,6	6,4	0,3
3	2	33	6	5	2	5,9	1,3	3,5	1,5	2,4	7,3	1,0	0,0	0,4	3,0	8,0	4,5	6,0	1,3
3	2	33	6	6	1	6,7	1,0	2,2	3,5	4,0	7,2	0,1	0,1	2,2	2,7	7,9	5,4	0,9	2,9
3	2	34	7	1	6	7,0	1,9	1,6	1,6	5,2	6,7	0,4	1,0	0,3	3,1	4,9	4,3	3,5	1,0
3	2	34	7	2	1	8,0	0,2	0,2	0,3	7,9	7,2	0,2	0,3	0,3	4,9	3,0	4,9	5,0	0,5
3	2	34	7	3	2	8,0	0,3	2,3	1,4	6,2	7,7	0,4	1,2	1,5	3,6	5,6	4,7	5,2	1,2
3	2	34	7	4	5	8,3	2,0	2,7	3,0	8,1	8,0	1,1	1,6	0,8	5,6	3,3	6,4	3,6	0,8
3	2	34	7	5	4	7,3	0,6	1,5	0,5	7,5	6,8	0,3	0,5	0,3	3,6	6,0	4,0	2,9	0,4
3	2	34	7	6	3	5,3	6,0	5,0	1,7	0,8	4,5	5,6	5,1	2,1	1,0	1,5	6,1	5,4	0,2
3	2	35	8	1	5	5,9	0,6	4,0	2,5	4,0	4,5	0,4	2,9	1,4	2,6	4,7	5,3	1,3	0,7
3	2	35	8	2	3	3,5	1,5	6,0	2,5	1,7	2,1	4,8	3,6	2,6	1,0	5,7	7,0	1,0	0,3
3	2	35	8	3	1	6,3	0,3	2,9	4,0	4,7	5,9	0,1	2,0	1,6	3,3	7,0	4,7	0,9	0,6
3	2	35	8	4	4	6,3	0,5	5,3	3,3	3,8	3,8	0,5	3,1	1,5	3,0	6,6	5,2	0,8	0,4
3	2	35	8	5	6	5,9	0,4	5,6	1,8	4,8	4,8	0,3	3,7	2,3	3,3	6,1	4,9	0,7	0,4
3	2	35	8	6	2	5,8	0,5	3,7	2,3	4,0	4,1	0,5	2,6	1,2	2,5	6,3	4,6	1,0	0,4
3	2	36	9	1	4	3,1	2,1	2,4	2,5	4,3	4,5	1,7	3,1	1,7	3,2	4,3	1,7	1,8	3,2
3	2	36	9	2	2	7,4	0,7	5,0	3,4	5,3	5,4	1,3	2,7	4,2	3,6	3,5	3,5	2,2	3,6
3	2	36	9	3	3	2,5	4,4	6,7	3,1	2,9	2,8	5,8	5,3	1,3	1,7	1,3	6,8	2,5	0,7
3	2	36	9	4	6	6,5	1,2	4,7	3,0	4,2	4,0	1,4	4,0	0,8	3,0	3,7	4,8	1,7	3,3
3	2	36	9	5	5	6,3	1,0	0,7	4,0	3,8	4,0	1,3	4,3	4,1	2,2	5,7	2,2	3,6	3,7
3	2	36	9	6	1	6,5	0,6	1,0	5,3	8,0	6,4	0,6	2,6	1,1	5,7	4,5	1,0	2,5	3,4
3	2	37	10	1	2	5,1	2,0	4,8	2,6	4,3	6,7	2,1	2,4	0,5	2,9	5,9	1,9	3,4	3,7
3	2	37	10	2	6	3,1	4,2	7,4	3,8	3,8	5,1	4,6	1,0	2,9	5,2	4,1	4,7	4,8	4,0
3	2	37	10	3	4	6,9	2,3	7,6	2,9	4,6	6,7	1,8	2,1	2,1	3,0	6,9	4,7	2,7	3,0
3	2	37	10	4	1	6,8	1,5	5,4	4,2	6,2	7,2	1,3	1,1	0,6	4,6	7,9	3,5	4,3	3,6
3	2	37	10	5	3	3,3	6,1	5,7	2,5	2,0	2,8	6,8	4,4	1,8	2,9	0,6	6,1	4,9	4,4
3	2	37	10	6	5	6,4	2,3	4,0	3,0	5,9	8,1	1,4	1,9	1,2	4,9	7,4	1,6	2,5	3,8
3	2	38	11	1	3	3,3	6,5	8,5	0,0	0,0	0,6	8,2	5,7	0,0	0,0	2,4	7,4	7,3	0,0
3	2	38	11	2	4	7,3	0,0	0,1	5,7	5,7	6,7	0,0	0,0	0,0	0,3	4,3	2,0	4,3	0,0
3	2	38	11	3	5	7,2	0,0	0,2	1,3	4,2	7,2	0,0	0,0	0,0	1,5	2,0	6,4	0,0	0,2
3	2	38	11	4	2	8,2	0,0	0,0	1,9	8,1	8,1	0,0	0,0	0,0	0,5	7,7	0,8	7,8	0,0
3	2	38	11	5	1	9,3	0,0	0,0	7,6	7,5	8,8	0,0	0,0	0,0	7,2	2,5	5,1	0,0	2,7
3	2	38	11	6	6	8,1	0,0	4,5	0,0	0,0	1,9	0,0	0,0	1,2	0,0	2,3	8,5	1,2	0,0
3	2	39	12	1	1	7,6	0,2	3,2	3,0	8,8	8,1	0,2	0,2	2,3	4,3	5,7	7,2	2,4	0,8
3	2	39	12	2	5	6,3	4,1	3,5	0,2	5,5	6,7	0,9	4,8	3,8	1,4	7,6	5,2	7,2	3,4
3	2	39	12	3	6	5,7	4,9	4,1	2,2	5,5	6,5	4,1	6,3	4,3	3,3	7,6	4,7	6,4	1,9
3	2	39	12	4	3	5,1	6,4	5,4	0,1	1,5	3,6	5,5	8,7	4,7	3,4	6,4	5,3	7,9	2,3
3	2	39	12	5	2	8,2	0,5	2,6	1,5	6,7	8,4	0,2	5,1	4,7	2,7	6,6	3,6	5,8	0,8
3	2	39	12	6	4	6,9	0,3	4,1	1,4	6,6	7,0	0,1	4,6	4,6	3,1	8,0	7,1	3,2	1,0
3	2	40	13	1	2	6,0	3,1	1,1	2,5	7,2	6,4	1,3	6,3	4,4	3,7	6,1	4,1	5,3	5,8
3	2	40	13	2	4	2,7	5,3	3,8	2,4	2,9	5,0	2,5	5,9	2,5	3,1	2,8	2,1	6,7	6,4
3	2	40	13	3	6	2,7	2,6	5,7	3,0	2,9	3,6	2,3	5,6	4,3	4,2	3,7	3,3	4,3	6,0
3	2	40	13	4	1	3,2	3,1	1,8	5,0	5,4	5,8	1,6	6,2	2,2	3,8	2,8	5,2	3,8	5,1
3	2	40	13	5	5	2,9	2,3	3,1	3,8	6,0	5,7	1,5	6,3	2,5	5,6	6,2	5,6	3,8	5,8
3	2	40	13	6	3	1,5	5,5	2,9	4,8	1,6	1,4	7,8	2,4	6,7	6,4	1,7	5,5	3,2	5,3
3	2	41	14	1	3	1,2	5,3	5,5	0,1	0,1	0,5	5,3	0,1	2,1	0,1	0,7	6,7	0,9	1,9
3	2	41	14	2	5	2,3	0,5	0,1	0,9	4,2	5,2	0,1	0,3	0,1	3,5	3,0	3,0	2,3	3,8
3	2	41	14	3	1	2,3	2,8	0,1	0,8	4,3	4,7	0,1	0,1	2,1	4,2	4,6	2,2	3,7	4,4
3	2	41	14	4	6	3,8	1,5	0,1	1,6	4,0	3,5	0,3	3,1	0,1	3,7	2,7	2,7	3,4	1,9
3	2	41	14	5	4	1,4	2,8	1,0	1,2	1,8	2,0	0,6	0,1	1,0	2,8	1,5	4,1	1,7	3,8
3	2	41	14	6	2	2,0	1,4	0,1	1,6	2,8	2,6	0,2	1,0	0,1	3,6	6,2	1,8	1,8	1,6
3	3	28	1	1	5	5,2	0,6	0,5	2,4	4,9	4,9	0,3	0,4	0,4	3,4	5,5	2,2	4,4	1,4
3	3	28	1	2	3	4,5	2,3	3,4	1,9	2,9	4,5	2,9	2,4	1,7	2,1	2,2	5,4	1,9	0,7
3	3	28	1	3	6	5,2	0,2	0,3	2,2	5,0	4,8	0,3	1,6	0,8	3,4	4,8	2,4	3,9	1,3
3	3	28	1	4	1	4,7	0,8	0,4	3,0	4,3	4,3	0,3	1,6	0,3	5,3	4,2	6,0	1,8	1,2
3	3	28	1	5	4	4,8	0,3	2,4	2,4	4,0	5,0	0,3	2,0	1,5	4,2	4,5	5,1	2,3	0,9
3	3	28	1	6	2	5,2	0,4	1,1	3,2	5,0	4,8	0,2	1,9	0,5	4,0	5,0	2,7	2,5	1,0
3	3	29	2	1	3	6,9	0,0	5,3	1,1	0,4	4,6	6,8	3,4	3,5	0,0	0,6	5,0	5,0	0,0
3	3	29	2	2	1	5,2	2,0	0,4	4,2	6,0	7,2	0,0	0,2	1,8	1,4	6,9	2,1	1,3	4,1
3	3	29	2	3	5	8,8	0,1	2,3	1,3	4,7	6,1	0,0	0,5	1,9	1,1	10,0	3,4	0,4	2,9
3	3	29	2	4	2	8,3	0,0	1,1	0,7	6,9	7,3	0,0	1,5	3,3	2,3	10,0	3,8	2,7	3,2
3	3	29	2	5	6	5,9	0,0	5,3	1,7	6,5	6,6	0,0	1,2	3,5	2,5	8,4	3,2	1,4	2,3
3	3	29	2	6	4	5,3	0,0	8,3	3,3	7,3	6,6	0,0	0,4	2,0	5,5	7,8	4,7	0,3	2,9
3	3	30	3	1	4	7,7	0,6	0,5	3,2	7,9	7,0	0,3	0,3	0,6	1,2	3,5	3,8	3,9	2,2
3	3	30	3	2	6	8,2	0,6	3,7	0,8	7,0	7,8	0,3	2,9	2,6	0,4	2,3	6,0	2,0	7,2
3	3	30	3	3	2	7,6	0,3	0,5	0,9	7,8	7,6	0,3	0,3	0,5	0,7	6,9	4,1	1,7	3,5
3	3	30	3	4	5	7,7	0,5	0,6	1,0	7,3	7,1	0,3	3,3	1,0	2,3	7,1	6,5	1,0	4,2
3	3	30	3	5	1	7,2	0,3	0,3	2,3	8,1	8,8	0,2	0,8	0,4	2,2	4,7	6,6	1,5	5,0
3	3	30	3	6	3	0,8	7,9	7,3	0,4	0,5	0,4	8,1	6,3	4,5	0,4	2,1	6,1	1,9	4,0
3	3	31	4	1	6	4,8	3,5	3,3	3,5	2,5	3,2	0,9	1,6	1,3	2,5	5,4	4,4	2,5	3,2
3	3	31	4	2	5	4,6	2,1	1,6	2,0	3,4	3,7	0,2	0,4	1,0	3,2	6,1	2,8	3,6	3,0
3	3	31	4	3	4	3,7	2,5	2,5	2,8	1,9	2,3	0,7	0,5	1,1	2,8	6,2	4,9	3,2	2,4
3	3	31	4	4	3	2,5	3,6	4,6	0,8	1,0	1,2	3,1	3,4	1,2	0,8	4,6	6,4	4,1	1,1
3	3	31	4	5	2	4,7	2,4	2,0	2,5	3,6	4,6	1,0	0,8	2,1	0,0	6,6	4,0	3,2	3,1
3	3	31	4	6	1	3,8	2,4	1,8	3,0	3,7	3,8	0,7	0,6	0,9	3,6	5,8	3,6	4,1	0,0
3	3	32	5	1	2	7,5	0,6	5,8	0,3	5,7	8,1	0,2	1,7	3,3	2,3	9,3	6,2	4,9	3,9
3	3	32	5	2	4	5,3	0,3	7,0	2,4	5,7	6,4	0,2	3,6	1,0	2,7	8,5	5,2	6,3	1,0
3	3	32	5	3	1	6,2	0,3	2,5	3,0	7,9	6,9	0,2	0,3	1,2	3,4	8,9	6,6	3,0	1,6
3	3	32	5	4	6	4,8	3,9	8,3	0,1	0,2	5,3	4,7	4,4	4,3	0,1	6,8	7,2	2,9	1,2
3	3	32	5	5	3	4,6	8,7	8,1	2,0	0,2	3,8	9,0	7,5	8,9	0,1	2,3	8,2	4,1	0,2
3	3	32	5	6	5	5,8	0,2	8,1	1,3	6,6	7,3	0,2	2,0	1,3	1,2	6,9	9,4	0,3	0,2
3	3	33	6	1	1	5,2	2,9	2,8	3,8	1,8	5,3	0,2	0,2	0,9	1,3	7,6	4,8	1,3	1,0
3	3	33	6	2	2	6,0	1,2	5,6	0,9	1,2	5,6	0,2	0,2	2,0	0,6	8,6	2,9	4,8	1,5
3	3	33	6	3	3	3,5	5,0	7,1	0,3	0,7	2,1	5,0	5,6	2,4	0,5	4,9	2,6	4,0	0,4
3	3	33	6	4	4	3,6	3,8	5,6	2,5	0,9	4,7	1,0	0,3	2,2	3,6	6,6	4,5	5,4	2,3
3	3	33	6	5	5	3,9	1,9	3,7	1,5	2,0	5,6	1,2	0,2	2,7	2,6	6,1	4,8	0,8	2,0
3	3	33	6	6	6	5,2	1,5	5,3	1,6	2,5	5,7	0,8	0,6	2,0	2,7	7,8	5,0	3,9	3,2
3	3	34	7	1	4	7,3	1,4	0,8	1,3	5,9	8,4	0,3	1,5	0,7	2,2	5,9	2,8	2,8	0,7
3	3	34	7	2	2	6,4	3,0	1,4	0,5	5,4	7,9	0,3	0,4	0,5	2,0	6,6	3,9	2,7	0,5
3	3	34	7	3	3	6,2	3,6	3,9	2,3	1,5	5,7	2,3	4,3	0,6	2,4	3,3	6,0	3,1	0,5
3	3	34	7	4	6	7,6	0,4	0,7	0,9	7,6	8,4	0,3	1,0	1,0	3,6	6,8	6,2	1,2	1,0
3	3	34	7	5	5	7,2	1,0	2,2	0,9	6,1	7,2	0,4	1,6	0,5	2,6	6,2	4,2	3,2	0,7
3	3	34	7	6	1	7,8	0,7	0,2	1,6	8,1	7,9	0,2	1,3	0,9	6,8	7,8	3,6	1,2	1,1
3	3	35	8	1	2	3,7	0,4	4,3	1,7	4,3	4,3	0,3	2,3	0,9	2,6	7,8	2,7	0,5	0,5
3	3	35	8	2	6	3,0	0,6	5,3	1,9	3,6	4,2	0,3	3,3	2,6	2,6	8,9	2,4	0,5	0,4
3	3	35	8	3	4	4,5	0,4	4,9	3,4	3,6	3,9	0,4	3,4	2,1	2,9	8,7	2,3	0,9	0,9
3	3	35	8	4	1	5,6	0,4	3,6	2,5	5,9	4,1	0,4	2,0	0,9	3,5	8,0	3,6	0,4	0,9
3	3	35	8	5	3	3,9	3,0	6,4	1,2	2,7	3,8	3,3	3,3	1,6	2,2	8,8	7,0	2,8	0,4
3	3	35	8	6	5	5,3	0,4	5,0	2,8	4,0	4,3	0,4	3,1	2,1	3,2	8,9	3,2	1,2	0,6
3	3	36	9	1	3	2,1	4,0	6,0	1,7	1,5	1,5	7,4	4,9	1,7	1,5	1,8	7,0	1,6	1,6
3	3	36	9	2	4	8,0	0,7	1,1	2,6	4,6	4,7	0,6	2,0	3,3	3,8	5,2	5,2	1,5	1,5
3	3	36	9	3	5	8,2	0,9	0,8	4,3	4,5	4,7	0,4	2,0	2,4	7,8	6,9	4,2	3,4	2,0
3	3	36	9	4	2	8,6	0,6	0,5	2,4	4,2	4,1	0,5	2,7	2,7	3,8	6,1	4,8	1,7	1,6
3	3	36	9	5	1	6,8	0,7	0,6	3,3	7,3	7,4	0,5	3,4	1,4	4,6	8,2	5,3	3,2	1,6
3	3	36	9	6	6	6,2	1,9	3,7	3,6	5,3	5,2	3,4	3,3	1,6	1,9	2,7	2,7	2,7	2,7
3	3	37	10	1	1	4,8	3,7	5,8	2,8	5,8	7,1	1,3	0,4	0,8	3,4	5,9	2,1	1,5	4,1
3	3	37	10	2	5	4,6	2,5	7,6	2,1	5,5	6,8	2,3	2,0	1,7	3,9	8,8	3,6	3,0	2,3
3	3	37	10	3	6	6,2	2,6	7,5	2,7	2,9	6,5	2,3	3,1	2,7	4,0	7,9	3,0	2,0	3,8
3	3	37	10	4	3	2,9	2,0	7,1	3,7	2,4	3,2	7,0	4,4	3,3	3,0	2,2	7,5	5,6	3,5
3	3	37	10	5	2	7,0	1,6	4,4	3,3	6,7	8,0	1,2	2,5	4,5	4,6	7,8	2,4	2,0	4,0
3	3	37	10	6	4	5,8	3,2	5,6	3,5	5,6	6,3	2,3	1,8	3,2	3,7	4,6	3,9	4,4	3,2
3	3	38	11	1	6	4,6	5,4	6,9	0,0	0,0	0,5	7,8	0,0	0,0	0,0	8,1	8,0	4,2	0,0
3	3	38	11	2	1	6,1	6,3	0,0	2,6	8,7	8,8	0,0	0,0	0,0	4,4	6,7	7,6	0,0	0,4
3	3	38	11	3	2	8,7	0,0	5,4	0,0	0,0	7,4	0,0	7,3	3,7	0,0	2,3	8,4	6,9	0,0
3	3	38	11	4	5	8,8	0,0	7,5	0,5	0,5	0,0	0,0	0,0	0,0	0,0	8,4	1,8	0,0	0,8
3	3	38	11	5	4	5,0	0,0	8,7	0,8	0,0	6,1	0,0	0,0	5,5	0,0	4,9	9,0	0,8	0,0
3	3	38	11	6	3	0,6	6,7	9,4	0,0	0,0	0,0	8,5	0,0	0,0	0,0	1,7	9,4	5,8	0,0
3	3	39	12	1	5	7,8	0,9	2,3	2,4	6,3	6,3	0,1	0,1	2,6	3,0	8,6	6,0	2,1	0,7
3	3	39	12	2	3	6,1	2,5	5,4	2,3	2,3	4,8	5,0	5,1	4,2	1,2	5,9	6,8	2,3	0,8
3	3	39	12	3	1	8,9	0,2	1,7	3,1	8,7	9,2	0,1	2,5	4,0	2,9	8,8	8,2	1,6	1,7
3	3	39	12	4	4	7,5	1,0	4,9	3,5	4,1	6,7	0,3	3,5	4,9	2,6	8,7	8,7	1,0	2,2
3	3	39	12	5	6	7,1	0,1	4,4	2,2	6,5	7,2	2,2	5,1	5,0	3,1	6,5	3,4	8,0	1,0
3	3	39	12	6	2	8,8	0,3	2,5	1,4	6,6	8,3	0,3	2,0	5,0	3,7	7,9	5,5	4,6	1,4
3	3	40	13	1	5	2,8	2,8	2,0	2,8	5,7	3,5	1,8	6,6	2,8	4,0	3,9	4,5	5,7	6,1
3	3	40	13	2	6	5,0	1,3	2,6	5,8	5,0	6,0	2,3	3,0	2,9	0,0	4,3	2,7	5,3	5,3
3	3	40	13	3	3	2,3	6,0	4,6	3,0	2,8	2,9	7,3	2,4	7,0	5,4	3,0	4,5	4,0	3,3
3	3	40	13	4	2	2,2	2,0	3,1	5,2	5,2	7,6	1,8	3,2	2,2	5,0	7,6	3,0	6,0	4,1
3	3	40	13	5	1	5,7	1,7	1,5	6,8	7,6	7,4	1,0	6,9	3,0	6,2	5,8	4,6	2,9	4,5
3	3	40	13	6	4	5,0	3,7	2,0	6,5	6,3	6,0	1,8	6,0	2,8	1,0	7,5	4,5	3,7	6,2
3	3	41	14	1	5	2,1	3,8	0,3	0,1	2,2	3,1	0,2	0,1	0,8	2,2	3,2	3,6	1,3	1,9
3	3	41	14	2	6	2,4	2,3	0,6	0,1	1,8	3,0	0,1	0,1	0,1	2,1	4,7	1,9	3,3	0,9
3	3	41	14	3	4	3,0	3,5	0,5	1,5	1,4	2,2	0,2	0,4	0,1	2,2	1,9	4,8	2,8	1,3
3	3	41	14	4	3	1,0	3,6	2,9	0,8	0,2	0,7	3,8	0,1	2,1	0,1	0,7	6,5	3,2	4,2
3	3	41	14	5	2	1,2	0,8	0,1	0,2	2,6	3,0	0,2	0,1	0,0	1,1	5,8	1,7	2,6	2,3
3	3	41	14	6	1	2,8	0,9	0,1	1,5	3,2	3,0	0,2	0,1	0,7	0,0	2,8	5,6	2,7	2,6
4	1	42	1	1	4	8,9	0,1	3,4	5,4	1,7	9,2	0,2	5,0	4,9	8,8	8,5	2,4	3,7	1,3
4	1	42	1	2	6	9,4	0,2	3,0	0,2	1,4	6,3	0,3	3,7	3,7	4,6	9,1	8,0	3,1	0,2
4	1	42	1	3	1	9,6	0,1	0,9	0,3	7,2	8,9	0,2	0,1	0,1	9,2	9,2	1,3	8,5	0,2
4	1	42	1	4	3	5,2	5,5	2,9	5,3	0,4	2,0	7,9	4,9	4,6	8,8	4,8	8,7	8,0	0,2
4	1	42	1	5	2	9,1	0,1	2,8	0,3	6,9	8,9	0,1	2,7	2,6	3,4	9,5	7,3	8,0	0,3
4	1	42	1	6	5	8,1	0,3	0,2	2,1	8,5	9,4	0,2	0,2	0,2	9,6	2,9	1,8	8,0	0,1
4	1	43	2	1	2	7,8	0,8	0,6	0,7	8,5	7,6	1,3	0,5	2,6	7,3	9,3	1,1	3,9	1,2
4	1	43	2	2	4	7,0	3,4	2,4	0,5	7,6	7,6	2,4	2,6	0,9	3,8	8,7	6,6	3,8	5,8
4	1	43	2	3	3	1,5	5,4	6,5	0,3	0,5	2,5	6,8	2,1	3,0	6,0	5,5	8,3	4,6	1,8
4	1	43	2	4	5	4,7	2,1	1,0	0,8	4,7	6,0	1,4	1,2	0,2	1,7	5,0	5,5	1,6	0,8
4	1	43	2	5	1	8,6	0,7	0,3	0,3	8,9	8,7	0,4	0,5	0,5	5,9	7,8	5,9	3,6	5,7
4	1	43	2	6	6	8,3	2,2	4,5	1,0	2,8	4,8	3,8	3,1	1,9	5,9	9,2	5,2	5,4	4,3
4	1	44	3	1	6	3,8	4,8	5,1	4,4	5,3	6,3	4,8	3,5	1,7	2,6	8,8	9,0	5,5	0,9
4	1	44	3	2	5	6,7	1,1	4,2	4,6	5,5	6,3	1,2	4,6	2,8	1,0	7,2	5,5	3,3	2,6
4	1	44	3	3	2	5,7	1,3	2,8	3,3	7,9	6,3	0,3	2,0	0,8	5,8	9,3	4,5	7,4	2,3
4	1	44	3	4	1	5,0	0,7	4,2	5,2	3,8	4,8	2,2	6,3	5,7	4,4	6,8	8,5	6,2	3,6
4	1	44	3	5	4	4,4	3,9	5,5	1,1	6,9	6,5	1,3	2,3	3,8	4,4	7,7	7,3	6,2	4,3
4	1	44	3	6	3	3,6	7,9	8,7	0,4	0,1	1,7	9,7	5,8	5,4	5,7	3,2	9,4	8,1	1,0
4	1	45	4	1	5	5,0	4,9	3,4	8,3	2,3	5,2	3,2	3,7	5,8	7,5	7,5	4,9	7,3	4,7
4	1	45	4	2	3	1,9	9,1	5,0	6,8	1,6	0,2	9,6	7,7	7,7	1,4	0,1	9,7	4,4	0,3
4	1	45	4	3	4	7,0	7,0	4,6	7,4	9,0	8,1	1,2	2,9	4,2	5,5	4,5	5,9	2,6	1,4
4	1	45	4	4	2	6,9	0,9	2,6	2,3	8,0	9,2	0,3	1,5	2,7	7,2	2,1	8,6	0,7	0,5
4	1	45	4	5	6	8,1	1,8	5,6	3,0	4,4	6,9	4,8	2,7	5,5	1,6	6,5	6,0	6,9	2,0
4	1	45	4	6	1	9,7	3,3	0,0	3,5	9,7	9,9	0,1	0,3	3,0	9,9	3,4	7,7	1,6	6,9
4	1	46	5	1	1	9,2	0,1	1,1	8,8	7,4	9,7	0,1	0,2	1,1	8,5	0,1	9,8	4,8	1,5
4	1	46	5	2	2	8,2	1,6	5,2	6,9	7,2	7,3	0,9	0,4	0,1	7,6	4,9	6,6	3,3	2,7
4	1	46	5	3	5	3,1	0,6	7,7	7,3	5,0	5,1	0,3	1,9	2,0	8,4	0,3	5,0	0,4	0,2
4	1	46	5	4	6	1,3	1,3	9,4	6,5	1,1	4,0	0,9	2,4	1,1	7,2	8,7	2,5	8,7	0,8
4	1	46	5	5	3	4,0	4,2	8,1	0,8	5,5	3,5	3,4	10,0	6,8	0,2	1,8	10,0	2,6	0,0
4	1	46	5	6	4	8,0	0,9	8,8	7,0	2,6	6,5	1,8	1,7	1,8	4,8	6,9	3,5	9,8	6,0
4	1	47	6	1	3	0,3	4,7	1,4	0,1	0,1	0,7	4,9	1,6	1,0	1,4	4,8	5,2	4,9	0,5
4	1	47	6	2	1	3,4	0,3	0,1	2,0	4,3	3,5	0,1	0,9	0,1	2,2	2,6	5,5	0,4	1,0
4	1	47	6	3	6	1,3	2,0	1,3	0,6	0,4	1,6	1,0	0,1	1,3	0,1	2,8	3,2	3,2	2,3
4	1	47	6	4	4	1,2	0,9	1,3	0,1	2,8	2,8	0,3	0,2	1,3	1,1	3,0	2,8	1,6	0,4
4	1	47	6	5	5	0,7	0,9	2,3	0,6	2,1	1,5	1,3	0,7	0,1	0,8	5,3	3,1	2,0	3,8
4	1	47	6	6	2	3,3	0,2	1,6	0,7	2,9	2,6	0,2	1,0	0,0	0,7	3,8	2,8	5,2	3,6
4	1	48	7	1	3	3,4	6,2	7,0	2,9	0,6	0,8	8,7	0,5	3,4	2,3	0,5	7,8	7,6	0,7
4	1	48	7	2	1	7,6	0,3	0,3	8,3	8,8	8,8	0,2	5,3	0,2	4,4	6,9	5,6	0,4	7,7
4	1	48	7	3	2	1,7	6,5	6,8	7,0	3,2	7,6	1,4	4,1	0,7	1,6	7,6	0,4	8,1	1,0
4	1	48	7	4	4	8,2	1,9	9,5	2,5	4,1	5,5	1,9	0,2	0,2	8,4	5,6	2,6	7,1	9,0
4	1	48	7	5	6	5,4	4,1	6,7	2,0	8,1	8,3	3,2	8,7	0,3	5,0	2,3	5,7	8,8	5,5
4	1	48	7	6	5	7,2	2,5	5,2	8,2	5,1	6,9	0,4	0,2	0,2	1,8	6,9	7,9	1,4	3,0
4	1	49	8	1	2	8,3	0,1	7,3	0,4	7,2	6,7	0,0	1,1	0,0	2,2	8,8	6,1	6,3	0,2
4	1	49	8	2	4	5,9	0,0	7,7	3,8	4,4	4,6	0,0	3,1	0,0	2,5	0,6	2,6	5,7	1,0
4	1	49	8	3	6	9,1	0,0	7,8	1,9	8,4	8,8	0,0	1,6	0,0	0,1	3,0	7,2	3,5	0,2
4	1	49	8	4	5	1,8	0,1	6,1	1,6	9,0	6,4	0,0	0,1	0,1	3,0	7,2	7,6	7,0	0,1
4	1	49	8	5	3	3,0	5,8	7,3	0,6	1,7	2,3	8,8	0,1	0,1	0,5	0,7	8,5	8,2	0,1
4	1	49	8	6	1	7,5	0,0	5,9	9,4	8,6	6,9	0,0	0,1	0,0	6,6	5,8	5,6	1,3	0,0
4	1	50	9	1	4	7,0	1,9	0,8	1,1	6,3	8,0	1,3	1,3	1,4	1,1	8,2	6,9	2,2	2,5
4	1	50	9	2	6	7,7	1,7	6,9	0,8	5,6	5,3	3,8	1,1	1,2	1,0	5,8	7,3	5,9	2,5
4	1	50	9	3	5	4,8	3,9	3,8	0,7	3,6	3,3	1,1	1,1	1,2	1,2	1,0	4,7	1,0	1,8
4	1	50	9	4	3	2,5	7,8	8,2	0,4	0,2	1,0	8,2	4,7	6,5	3,1	2,7	5,7	1,9	0,3
4	1	50	9	5	1	9,9	4,3	0,6	4,4	9,1	8,5	1,2	1,2	0,2	1,5	6,5	1,5	4,8	4,9
4	1	50	9	6	2	6,6	5,8	2,1	0,4	3,7	8,2	3,5	0,8	0,7	1,8	8,8	3,8	3,1	2,2
4	1	51	10	1	1	6,0	6,3	1,6	3,1	9,6	8,9	1,2	0,2	0,9	2,2	4,3	3,1	2,0	7,5
4	1	51	10	2	2	4,6	4,3	6,9	1,5	4,4	5,4	6,1	2,2	2,7	2,5	6,8	4,1	2,7	1,9
4	1	51	10	3	4	7,7	2,6	6,0	2,7	7,5	6,7	1,6	0,3	0,2	6,3	7,2	6,8	7,7	1,4
4	1	51	10	4	6	3,3	7,0	8,2	0,9	1,1	2,1	7,3	5,6	2,4	0,7	2,9	2,6	5,4	2,6
4	1	51	10	5	5	6,8	2,2	2,8	5,1	4,5	5,9	2,7	1,7	0,2	6,6	3,1	2,9	3,2	7,1
4	1	51	10	6	3	0,9	8,3	9,1	0,2	0,4	0,8	9,3	9,4	1,2	0,3	0,5	9,6	8,3	1,1
4	1	52	11	1	5	8,8	1,0	5,9	2,8	5,5	8,3	0,2	0,1	0,2	5,3	7,7	5,9	0,9	8,5
4	1	52	11	2	3	5,8	2,5	7,2	0,6	1,7	4,8	7,0	2,6	0,9	4,5	8,9	8,8	6,4	5,2
4	1	52	11	3	1	9,1	0,4	2,0	3,0	7,3	8,9	0,3	0,3	0,3	7,4	9,7	7,4	2,4	9,2
4	1	52	11	4	2	7,9	0,7	5,1	1,1	3,3	7,5	1,9	1,8	1,1	4,8	10,0	8,3	4,8	7,0
4	1	52	11	5	4	8,5	1,1	3,1	2,9	5,5	8,5	0,6	0,1	0,4	2,3	10,0	8,3	2,6	8,4
4	1	52	11	6	6	8,7	2,7	6,3	1,0	3,6	7,5	2,1	1,4	1,4	2,5	9,1	6,8	3,0	8,6
4	2	42	1	1	6	5,6	3,4	1,7	1,5	0,1	9,7	0,1	0,0	0,1	5,1	8,7	7,4	1,6	0,2
4	2	42	1	2	5	8,7	0,0	0,1	3,1	0,1	9,6	0,2	6,5	3,7	4,8	9,5	8,3	1,2	0,1
4	2	42	1	3	2	9,6	0,1	2,9	0,1	0,1	8,1	0,2	0,0	0,1	7,0	5,5	7,7	6,2	0,2
4	2	42	1	4	1	8,1	0,1	3,3	6,4	4,7	9,7	0,1	2,6	0,1	8,2	6,4	3,7	8,5	0,3
4	2	42	1	5	4	8,9	0,1	3,0	2,0	0,2	8,9	0,0	5,9	2,8	8,1	7,1	8,1	1,3	0,3
4	2	42	1	6	3	5,1	9,7	9,1	0,1	0,1	1,9	9,6	8,5	8,6	9,4	1,8	9,0	0,1	0,0
4	2	43	2	1	5	8,1	2,3	5,2	0,8	4,0	5,5	4,0	3,1	1,8	4,8	9,2	5,9	2,0	4,0
4	2	43	2	2	3	4,6	6,1	7,1	0,5	0,4	3,1	7,5	2,6	4,0	4,7	3,6	5,6	2,5	2,6
4	2	43	2	3	4	4,1	1,4	3,1	2,3	6,0	6,0	2,4	0,5	2,1	0,9	6,7	1,7	0,9	7,4
4	2	43	2	4	2	7,2	0,7	4,7	0,5	0,9	4,5	3,7	2,4	0,6	3,9	6,7	4,4	5,7	3,2
4	2	43	2	5	6	7,7	1,7	2,9	0,2	1,9	4,4	1,6	0,7	0,6	2,2	7,8	3,0	3,1	1,5
4	2	43	2	6	1	7,8	0,9	0,7	0,5	9,1	8,1	0,6	0,7	0,6	6,9	5,3	0,8	4,3	4,8
4	2	44	3	1	1	5,7	3,7	4,0	4,6	8,4	7,7	1,3	5,4	4,8	2,0	8,0	7,9	6,2	1,5
4	2	44	3	2	2	8,2	1,4	6,1	1,8	5,0	4,8	3,4	6,7	4,0	4,9	8,1	6,3	5,0	1,9
4	2	44	3	3	5	7,7	5,1	3,4	3,9	5,2	6,1	1,0	4,8	1,8	5,7	9,1	5,2	3,0	1,7
4	2	44	3	4	6	5,5	3,6	6,0	3,4	7,8	8,4	1,6	7,3	2,3	6,3	9,4	8,4	6,7	3,7
4	2	44	3	5	3	3,3	9,9	9,9	0,6	0,7	2,2	9,9	6,5	7,2	2,9	1,9	9,4	8,6	1,8
4	2	44	3	6	4	6,6	2,6	4,8	4,5	6,9	8,2	4,0	3,5	2,7	6,7	7,0	6,3	7,4	4,4
4	2	45	4	1	3	1,2	7,5	9,0	0,9	0,8	1,0	9,6	7,2	4,6	0,1	2,6	9,8	4,8	0,0
4	2	45	4	2	1	6,4	2,7	3,2	6,0	6,2	8,0	2,3	2,4	3,3	7,6	5,1	8,0	4,9	7,8
4	2	45	4	3	6	1,9	6,5	5,1	7,6	1,9	1,7	7,4	7,4	3,1	2,3	1,2	8,6	1,0	1,1
4	2	45	4	4	4	8,2	1,6	2,0	1,9	8,0	8,0	1,7	3,5	4,8	7,3	7,6	7,8	1,3	6,6
4	2	45	4	5	5	4,1	6,1	6,4	7,7	3,3	5,1	4,9	6,3	6,4	9,1	6,8	9,9	2,1	0,1
4	2	45	4	6	2	7,9	1,0	6,1	0,8	5,1	7,1	1,5	3,6	4,8	5,9	9,3	5,1	7,0	1,0
4	2	46	5	1	4	3,4	0,2	5,3	2,3	3,3	5,0	0,9	0,3	0,1	6,8	9,9	2,1	0,4	0,3
4	2	46	5	2	6	6,2	1,8	9,0	2,3	2,2	6,0	0,0	0,3	1,7	6,7	8,9	0,7	2,9	0,3
4	2	46	5	3	1	1,5	0,0	6,5	9,1	4,9	3,0	0,0	0,0	0,1	7,9	4,7	3,7	0,9	4,0
4	2	46	5	4	3	8,8	1,0	5,0	0,1	3,8	7,1	5,2	9,4	3,6	0,0	1,9	5,1	5,2	0,3
4	2	46	5	5	2	6,9	1,3	5,1	2,4	5,6	5,7	0,1	1,0	1,1	6,8	9,1	6,7	7,8	2,6
4	2	46	5	6	5	7,3	0,0	6,3	3,3	3,2	3,4	0,0	0,8	0,1	5,0	7,0	1,9	0,6	2,1
4	2	47	6	1	2	1,9	0,0	2,4	0,1	3,9	2,8	0,2	1,0	1,0	1,5	5,9	1,2	2,1	0,9
4	2	47	6	2	4	3,2	0,2	1,3	1,2	3,8	5,0	0,2	0,5	1,0	0,9	2,7	3,7	1,0	3,2
4	2	47	6	3	3	1,5	2,5	2,4	0,5	0,2	0,5	3,3	1,2	0,0	0,0	2,7	4,3	3,1	0,1
4	2	47	6	4	5	4,2	0,1	0,4	1,0	4,8	4,1	0,0	1,1	0,5	0,5	3,9	1,4	4,0	4,9
4	2	47	6	5	1	2,8	1,0	0,2	2,7	5,6	3,2	0,1	0,4	0,9	0,3	3,0	3,7	2,6	3,4
4	2	47	6	6	6	3,0	1,0	3,4	0,2	1,1	2,5	0,2	0,2	2,5	0,6	5,2	4,6	3,1	1,1
4	2	48	7	1	4	5,0	0,2	5,2	3,5	9,2	7,6	0,1	2,5	0,1	5,0	1,9	3,2	1,6	9,2
4	2	48	7	2	6	4,7	6,8	2,6	9,0	3,1	8,5	0,6	6,8	0,2	1,5	7,2	8,3	9,1	7,3
4	2	48	7	3	5	8,9	2,5	6,3	4,5	4,6	6,6	1,3	3,0	0,1	3,7	5,1	0,9	7,1	1,4
4	2	48	7	4	3	2,3	6,7	8,6	3,8	0,6	0,5	8,4	1,7	5,7	5,6	3,1	7,9	6,7	5,9
4	2	48	7	5	1	5,7	2,1	0,6	0,5	9,6	9,2	0,2	0,1	0,2	6,6	0,8	3,3	9,3	9,3
4	2	48	7	6	2	8,4	0,5	5,0	7,1	5,1	7,5	0,1	5,3	0,1	3,6	7,4	5,3	2,7	6,4
4	2	49	8	1	1	9,3	0,1	5,5	9,2	6,2	8,0	0,0	0,1	0,0	7,3	4,5	5,8	7,1	2,8
4	2	49	8	2	2	2,0	0,0	7,1	2,1	5,3	6,5	0,0	0,0	0,0	1,6	9,0	5,7	6,6	0,1
4	2	49	8	3	4	7,3	0,0	7,5	6,0	6,9	8,5	0,1	0,1	0,1	2,1	4,6	7,4	8,2	1,1
4	2	49	8	4	6	5,8	0,1	7,8	3,3	3,4	5,1	0,0	1,5	0,0	2,0	9,6	7,7	4,1	0,1
4	2	49	8	5	5	5,2	0,0	4,8	7,6	6,5	7,3	0,0	0,0	0,2	3,9	7,3	6,8	3,7	0,1
4	2	49	8	6	3	3,2	6,1	7,7	2,5	0,3	2,1	9,3	2,3	0,0	0,1	1,5	9,2	8,6	0,1
4	2	50	9	1	5	6,3	6,2	5,7	4,7	0,6	2,6	2,2	1,1	1,0	2,4	5,5	1,4	2,3	1,0
4	2	50	9	2	3	1,5	8,0	7,6	0,3	0,2	0,4	8,7	3,4	0,2	0,3	3,3	7,7	0,8	1,0
4	2	50	9	3	1	9,8	4,6	1,1	4,6	8,0	8,0	1,5	1,2	1,1	7,8	1,8	2,5	2,4	3,0
4	2	50	9	4	2	3,3	5,5	3,8	0,4	0,3	1,9	1,0	1,1	0,5	0,5	5,8	5,8	1,1	4,6
4	2	50	9	5	4	2,0	1,6	1,6	4,1	1,0	3,4	0,5	3,5	0,3	0,8	7,6	3,0	2,5	1,9
4	2	50	9	6	6	7,4	7,4	7,0	1,8	1,6	3,4	6,0	4,1	0,5	2,5	7,2	6,8	1,4	1,8
4	2	51	10	1	6	7,4	2,2	5,3	0,1	3,4	8,1	5,4	2,5	0,2	2,6	8,9	6,4	6,2	1,7
4	2	51	10	2	5	4,7	6,1	5,0	2,0	4,3	6,4	5,6	0,5	0,4	2,4	7,7	1,3	2,8	6,4
4	2	51	10	3	3	1,3	7,5	8,2	0,5	0,7	1,0	7,6	8,2	4,0	0,2	2,3	8,5	8,5	0,8
4	2	51	10	4	1	7,6	2,6	0,1	0,1	9,8	9,7	0,1	0,1	0,1	9,6	7,5	6,2	2,3	6,5
4	2	51	10	5	2	7,1	2,3	1,3	0,2	8,3	8,7	0,3	0,2	0,2	6,2	9,8	5,5	4,9	6,2
4	2	51	10	6	4	7,4	1,9	1,9	5,8	7,0	7,5	1,5	0,3	0,3	6,5	3,7	6,0	2,4	2,2
4	2	52	11	1	3	5,7	4,6	7,8	1,2	1,1	7,0	5,0	3,2	2,1	2,3	7,5	7,8	8,3	5,1
4	2	52	11	2	1	8,8	0,5	2,9	3,3	7,3	7,9	1,0	0,4	0,3	6,3	9,7	2,2	3,5	8,4
4	2	52	11	3	2	8,3	3,4	5,6	1,9	4,6	8,0	2,1	0,9	0,1	3,7	7,6	7,0	5,8	8,5
4	2	52	11	4	4	9,0	1,0	4,9	2,1	4,1	8,2	0,5	0,2	0,2	7,5	7,6	5,1	6,1	8,0
4	2	52	11	5	6	7,7	0,9	5,4	1,1	1,7	7,8	2,2	1,9	0,9	2,6	9,7	9,0	6,3	7,3
4	2	52	11	6	5	8,1	0,9	5,6	2,0	4,5	8,3	1,1	0,7	0,2	5,1	10,0	7,9	6,6	7,7
4	3	42	1	1	1	9,7	0,1	0,3	4,2	6,7	9,8	0,1	0,1	0,1	8,3	8,8	8,7	0,3	0,1
4	3	42	1	2	2	5,6	0,1	4,4	0,2	0,1	6,9	0,2	5,3	5,1	2,9	7,1	5,9	6,6	0,2
4	3	42	1	3	5	9,4	0,1	3,2	4,1	0,1	8,3	0,1	1,2	5,8	6,3	6,1	8,9	0,5	0,1
4	3	42	1	4	6	5,8	0,0	4,9	0,1	0,0	7,6	0,2	6,0	6,0	1,1	7,2	9,1	0,9	0,1
4	3	42	1	5	3	9,2	2,4	5,8	0,1	0,1	2,0	7,2	0,1	4,2	6,2	4,8	4,9	1,6	0,1
4	3	42	1	6	4	8,8	0,1	3,3	3,0	4,7	9,1	0,1	4,0	3,0	8,4	7,8	2,4	6,9	0,1
4	3	43	2	1	3	3,1	6,7	7,4	0,4	0,4	2,9	8,5	3,7	3,8	3,1	5,4	5,7	5,5	4,9
4	3	43	2	2	1	7,2	1,2	0,3	0,2	9,2	9,1	0,1	0,2	0,2	8,2	7,4	1,6	1,4	6,6
4	3	43	2	3	6	7,2	1,4	4,4	0,5	4,5	6,4	4,5	0,5	2,5	2,8	6,3	6,4	2,8	2,2
4	3	43	2	4	4	7,1	1,3	2,8	0,5	3,4	6,1	1,9	0,2	2,2	5,1	6,0	6,3	4,9	3,2
4	3	43	2	5	5	5,0	2,4	3,0	0,4	3,3	4,8	2,8	2,2	0,4	7,4	7,3	3,5	2,9	3,3
4	3	43	2	6	2	6,4	2,2	1,3	0,5	7,8	8,0	1,8	0,5	0,6	4,5	8,1	2,2	3,6	5,3
4	3	44	3	1	4	5,4	5,3	1,4	5,2	8,6	7,6	0,6	5,6	1,8	7,4	9,3	6,7	6,3	2,0
4	3	44	3	2	6	7,0	3,1	6,5	2,8	5,8	8,5	3,6	5,0	4,5	4,7	9,3	7,6	5,6	3,1
4	3	44	3	3	1	8,9	1,1	1,0	4,1	9,1	6,8	0,8	1,4	1,6	2,3	6,9	5,3	4,5	4,0
4	3	44	3	4	3	2,4	7,6	7,1	1,5	2,0	1,5	7,5	6,4	3,3	7,2	6,1	7,9	8,5	2,6
4	3	44	3	5	2	9,1	1,1	4,0	3,0	7,6	7,9	3,6	6,0	3,0	4,1	9,3	8,1	6,0	1,3
4	3	44	3	6	5	8,1	2,2	2,9	4,8	8,3	7,7	1,5	3,2	2,1	2,8	7,2	8,5	5,5	1,8
4	3	45	4	1	2	6,1	2,9	7,3	7,5	6,7	6,6	4,4	4,6	6,5	6,0	7,0	8,5	7,2	6,3
4	3	45	4	2	4	4,9	6,5	2,8	7,8	5,1	6,4	5,3	5,1	5,0	6,8	3,9	5,5	7,7	4,9
4	3	45	4	3	3	1,1	8,9	8,6	5,3	1,0	1,0	9,2	9,0	6,4	2,1	0,5	8,7	8,3	0,1
4	3	45	4	4	5	9,7	0,4	1,0	4,4	7,2	9,1	0,4	1,1	3,8	7,7	8,9	7,7	1,2	4,9
4	3	45	4	5	1	7,9	1,3	2,6	2,4	8,4	8,5	1,7	2,6	3,3	7,4	6,1	8,2	0,9	0,8
4	3	45	4	6	6	4,9	4,7	6,7	8,7	5,2	5,4	5,1	5,0	5,1	9,3	6,8	5,5	7,5	3,1
4	3	46	5	1	6	3,7	0,0	7,9	1,6	4,9	5,7	0,1	0,3	0,4	8,5	5,7	2,3	5,8	1,2
4	3	46	5	2	5	2,4	0,1	8,9	3,4	4,8	6,9	1,4	0,9	0,9	1,4	9,9	1,3	0,6	0,0
4	3	46	5	3	2	8,5	1,4	5,7	2,9	6,0	8,6	0,0	0,0	0,0	6,6	9,1	2,6	4,9	0,4
4	3	46	5	4	1	5,4	0,0	3,2	8,0	8,1	8,3	0,0	0,5	0,0	6,5	8,6	4,2	8,7	2,3
4	3	46	5	5	4	6,5	0,4	4,9	2,3	5,0	8,8	0,1	1,3	2,3	0,8	4,6	6,3	0,2	0,4
4	3	46	5	6	3	2,5	3,0	5,7	0,7	3,5	4,6	2,6	9,2	2,5	0,6	4,9	9,9	1,2	0,0
4	3	47	6	1	5	2,3	0,0	3,6	0,6	2,4	1,8	0,0	1,0	0,4	0,2	3,4	4,4	0,2	0,7
4	3	47	6	2	3	0,4	4,2	2,6	0,9	0,1	1,0	4,2	0,8	0,0	0,9	1,4	5,0	2,3	0,1
4	3	47	6	3	4	5,6	0,0	2,8	1,0	5,2	4,1	0,0	0,0	0,0	0,7	2,6	0,8	0,3	2,3
4	3	47	6	4	2	3,5	0,1	0,2	0,4	3,4	5,0	0,3	0,9	0,1	1,9	4,4	4,0	1,6	0,7
4	3	47	6	5	6	3,2	1,3	4,0	0,7	3,4	3,9	0,1	0,2	1,0	0,7	4,5	2,4	0,6	3,3
4	3	47	6	6	1	3,3	0,0	1,5	1,3	3,8	5,0	0,1	0,0	0,1	0,5	3,6	2,1	2,9	0,1
4	3	48	7	1	5	2,5	5,2	7,9	7,4	7,0	7,0	0,0	2,7	0,0	7,0	1,5	7,9	2,7	7,7
4	3	48	7	2	3	5,2	5,1	6,8	1,9	1,0	3,4	7,4	0,1	4,8	1,0	1,9	6,3	7,0	4,7
4	3	48	7	3	1	7,0	0,1	1,9	8,1	9,4	8,7	0,0	0,0	0,0	5,0	0,7	2,8	0,6	7,1
4	3	48	7	4	2	7,1	0,3	2,9	5,0	7,7	8,9	0,1	3,5	0,0	4,0	8,2	7,4	8,7	7,4
4	3	48	7	5	4	6,7	0,5	7,3	5,3	5,7	6,4	0,1	0,1	0,1	5,9	6,5	6,5	5,6	9,3
4	3	48	7	6	6	2,2	6,8	8,4	7,1	1,4	6,6	5,3	5,0	0,0	4,1	6,6	8,0	9,3	0,9
4	3	49	8	1	6	2,9	0,1	7,9	4,3	7,7	7,1	0,0	2,9	0,0	6,0	9,3	5,0	4,2	0,1
4	3	49	8	2	5	4,4	0,0	6,7	5,1	7,0	7,7	0,1	2,8	0,0	5,0	7,1	7,2	6,6	0,8
4	3	49	8	3	3	4,2	8,8	7,8	1,6	0,3	2,6	9,5	3,2	0,0	0,1	0,7	9,2	8,6	0,0
4	3	49	8	4	1	7,1	0,0	6,6	7,9	8,5	9,0	0,0	0,0	0,1	8,3	6,7	5,4	6,7	0,1
4	3	49	8	5	2	6,8	0,0	5,2	3,2	8,2	9,0	0,0	0,0	0,0	2,6	9,4	6,1	7,3	2,1
4	3	49	8	6	4	9,0	0,0	4,4	2,0	8,3	8,9	0,0	0,0	0,0	4,2	9,0	3,9	3,0	0,1
4	3	50	9	1	3	3,3	5,1	7,4	0,2	0,2	0,4	3,6	3,4	0,6	0,7	2,8	7,8	0,9	1,1
4	3	50	9	2	1	7,3	3,5	0,5	8,5	7,8	6,2	0,8	0,8	0,2	2,8	6,8	1,9	1,2	1,1
4	3	50	9	3	2	5,4	4,1	5,0	4,0	0,7	2,7	2,5	2,5	0,2	2,0	7,4	2,4	6,2	5,7
4	3	50	9	4	4	9,0	1,0	4,8	7,2	5,5	1,7	4,9	3,2	0,6	0,1	7,6	5,4	1,7	0,8
4	3	50	9	5	6	2,9	7,3	6,3	3,2	0,1	3,0	7,1	0,5	3,2	2,3	8,9	6,7	4,4	0,5
4	3	50	9	6	5	2,6	5,5	6,2	1,9	1,3	2,8	6,6	0,1	0,5	4,0	7,5	3,3	1,3	0,6
4	3	51	10	1	2	6,3	4,0	5,9	1,9	3,5	5,4	5,6	1,8	0,4	1,6	2,7	6,2	5,8	2,6
4	3	51	10	2	4	6,8	3,8	3,9	1,5	7,3	8,4	1,7	0,3	0,5	5,2	6,7	5,0	2,5	1,9
4	3	51	10	3	6	7,7	2,2	5,4	0,4	5,8	7,1	2,6	0,8	0,3	3,2	9,5	2,2	1,8	1,9
4	3	51	10	4	5	9,2	0,3	2,2	3,0	7,2	7,2	1,1	0,3	0,3	8,0	3,4	9,0	0,3	0,8
4	3	51	10	5	3	1,8	8,6	8,9	0,4	1,2	1,8	9,5	7,0	5,3	2,3	1,5	8,2	7,3	1,0
4	3	51	10	6	1	8,3	1,5	0,8	5,2	8,0	8,6	1,2	0,3	0,3	5,9	5,0	7,0	1,6	1,9
4	3	52	11	1	4	7,1	4,8	3,8	1,4	3,0	7,1	3,0	2,5	1,1	2,7	8,5	7,9	4,3	7,5
4	3	52	11	2	6	9,2	1,1	6,4	1,5	3,9	8,5	3,3	2,2	0,6	1,2	9,1	7,7	6,3	7,9
4	3	52	11	3	5	7,6	2,1	3,9	3,3	6,0	8,3	1,3	1,1	0,4	6,1	9,5	7,2	7,0	7,7
4	3	52	11	4	3	6,9	4,4	7,1	0,8	1,5	6,9	6,4	3,2	1,5	1,3	7,2	7,7	5,6	6,9
4	3	52	11	5	1	8,7	0,8	3,7	3,3	5,1	8,6	0,7	0,6	0,5	6,4	9,8	8,3	2,4	2,6
4	3	52	11	6	2	7,0	1,2	5,3	2,3	5,7	8,7	1,1	0,6	0,5	6,5	8,2	7,8	2,3	7,3
5	1	53	1	1	5	8,6	0,4	0,9	1,0	5,8	8,9	0,6	0,3	0,3	4,6	1,6	7,1	1,1	2,7
5	1	53	1	2	4	7,4	0,5	0,8	8,6	8,9	9,1	0,5	0,3	0,3	1,9	5,4	2,3	7,8	5,6
5	1	53	1	3	6	5,4	4,5	8,6	1,5	1,1	4,8	2,5	0,3	0,7	6,6	1,5	8,2	2,6	4,0
5	1	53	1	4	3	1,0	9,0	8,3	0,6	0,4	0,8	9,0	6,9	2,0	0,9	0,3	9,1	5,7	1,2
5	1	53	1	5	2	6,4	2,5	1,2	6,4	9,1	9,6	0,2	0,4	1,3	8,5	6,9	0,7	8,7	7,2
5	1	53	1	6	1	5,5	0,7	0,8	3,6	9,8	9,7	0,1	0,3	0,4	2,8	3,5	3,5	8,2	4,7
5	1	54	2	1	4	6,0	0,6	2,1	1,1	5,9	5,6	0,5	1,1	0,8	4,0	5,3	4,6	5,3	3,5
5	1	54	2	2	3	2,0	5,9	6,8	0,4	0,4	0,3	7,7	5,5	3,0	0,2	1,1	5,8	6,9	2,5
5	1	54	2	3	5	5,4	0,4	2,7	0,2	4,6	4,7	1,4	1,8	2,2	4,5	2,4	3,7	4,2	4,3
5	1	54	2	4	1	6,6	0,1	2,1	0,5	6,6	5,9	0,0	1,0	2,8	5,5	4,9	5,2	6,3	3,1
5	1	54	2	5	6	4,9	1,0	3,5	0,8	6,0	6,4	0,2	3,3	3,8	4,9	6,0	4,7	5,5	1,3
5	1	54	2	6	2	6,9	0,4	3,0	1,4	7,0	6,1	0,1	3,9	3,4	5,8	7,0	4,1	6,0	1,8
5	1	55	3	1	6	5,1	1,1	2,7	1,4	2,2	3,6	0,4	0,9	1,5	3,4	3,9	3,5	1,8	0,6
5	1	55	3	2	5	5,5	1,8	3,5	1,0	2,7	4,1	0,8	1,7	2,2	4,1	3,1	4,1	2,3	0,9
5	1	55	3	3	2	4,1	2,5	2,3	1,9	3,4	4,7	0,5	1,2	2,6	4,5	2,7	4,6	1,4	0,2
5	1	55	3	4	4	4,7	1,3	3,9	1,6	3,8	5,3	0,3	2,2	3,2	4,9	4,5	5,1	0,8	0,5
5	1	55	3	5	1	5,1	0,9	1,8	2,3	4,5	6,2	0,8	2,9	2,9	5,2	5,9	4,3	1,1	0,2
5	1	55	3	6	3	1,8	4,8	5,1	1,3	2,3	2,4	4,3	3,4	3,8	1,0	5,4	5,6	0,5	0,9
5	1	56	4	1	2	6,1	4,8	4,2	7,4	7,7	5,8	2,7	0,3	1,6	6,0	6,4	4,7	3,6	2,4
5	1	56	4	2	6	3,2	5,1	5,0	5,5	6,5	5,8	3,1	0,3	0,6	6,6	4,3	5,2	4,1	1,6
5	1	56	4	3	1	7,7	6,8	2,1	1,7	3,0	4,7	0,6	0,0	0,4	6,6	7,3	3,9	5,2	4,8
5	1	56	4	4	5	6,2	4,8	5,9	0,8	2,9	4,2	3,5	0,0	1,3	2,3	7,4	6,2	2,1	4,7
5	1	56	4	5	3	1,8	9,1	8,6	0,4	0,1	0,7	8,9	2,1	9,0	0,2	1,4	8,9	8,7	7,6
5	1	56	4	6	4	7,8	3,8	2,4	4,5	6,5	8,5	5,1	0,3	1,9	3,0	7,5	2,8	2,4	3,2
5	1	57	5	1	3	6,4	8,1	9,2	0,9	2,0	3,5	8,8	6,0	0,4	3,5	3,8	8,5	5,4	1,6
5	1	57	5	2	1	8,5	0,7	5,6	4,1	8,4	8,5	0,8	0,3	0,4	7,5	7,5	8,0	8,0	6,8
5	1	57	5	3	4	9,3	0,7	7,5	2,5	8,1	8,0	0,8	0,3	0,4	7,1	8,2	7,5	7,8	7,4
5	1	57	5	4	2	9,1	0,6	5,7	2,0	7,0	7,0	0,8	0,4	0,4	6,7	8,1	6,9	7,7	6,5
5	1	57	5	5	5	8,7	0,6	6,1	1,5	7,8	6,1	0,9	0,3	0,4	6,7	8,7	7,4	8,0	6,4
5	1	57	5	6	6	8,6	0,6	8,4	1,1	6,1	5,6	0,8	0,3	0,4	7,4	8,3	7,8	8,1	6,4
5	1	58	6	1	1	5,9	0,3	3,8	3,4	5,5	6,4	0,1	0,3	0,2	3,5	5,0	3,4	1,5	1,8
5	1	58	6	2	2	3,5	0,3	5,0	2,5	6,4	5,5	0,0	1,7	0,2	4,7	6,0	2,1	0,7	0,9
5	1	58	6	3	3	1,5	0,3	6,9	0,3	0,3	1,2	3,9	3,4	0,2	1,3	1,5	6,7	3,0	0,1
5	1	58	6	4	6	5,3	0,3	4,8	2,0	5,3	6,0	0,1	0,2	0,1	2,9	4,5	4,0	1,1	0,4
5	1	58	6	5	4	4,3	0,3	4,2	3,8	3,2	4,9	0,1	0,2	0,1	1,7	3,7	5,1	0,5	1,0
5	1	58	6	6	5	6,1	0,3	3,9	2,8	7,0	6,4	0,1	0,1	0,1	2,6	5,6	3,6	1,1	0,3
5	1	59	7	1	1	6,2	3,2	3,6	5,7	7,2	6,6	2,1	0,1	0,3	2,9	4,6	3,3	1,9	0,4
5	1	59	7	2	5	5,3	5,6	1,6	6,8	3,6	5,2	0,9	0,2	0,3	7,2	5,2	4,2	1,2	0,6
5	1	59	7	3	3	2,2	7,6	6,5	0,2	0,5	2,8	7,7	0,2	1,1	0,5	2,1	6,7	3,0	0,2
5	1	59	7	4	6	7,2	2,6	4,3	1,2	2,3	5,9	0,4	1,6	0,2	0,8	6,1	1,6	0,6	1,0
5	1	59	7	5	2	4,1	6,3	5,0	1,8	1,6	1,7	0,4	0,4	0,2	0,6	3,9	5,2	0,3	1,9
5	1	59	7	6	4	3,1	0,6	2,8	0,6	2,0	3,3	0,5	0,4	0,3	1,7	2,5	6,1	0,9	0,4
5	1	60	8	1	2	8,7	0,6	3,1	6,6	8,0	9,0	0,5	0,4	1,9	1,2	8,4	2,2	7,2	1,1
5	1	60	8	2	3	0,9	9,5	8,6	9,3	0,9	1,4	8,9	9,2	7,8	0,6	2,5	8,0	5,5	0,5
5	1	60	8	3	4	7,3	1,1	2,2	1,9	9,2	9,3	0,2	1,1	4,0	0,9	2,5	7,1	3,2	1,1
5	1	60	8	4	1	3,8	2,0	1,0	2,4	9,9	9,4	0,0	0,1	1,1	4,1	3,4	5,8	2,5	1,6
5	1	60	8	5	6	5,8	1,0	6,3	4,4	6,9	7,5	1,0	1,5	2,9	1,0	6,0	4,6	3,9	2,4
5	1	60	8	6	5	7,1	2,1	3,2	7,3	5,1	8,1	0,9	1,9	3,5	1,3	8,1	3,6	4,6	5,1
5	1	61	9	1	4	7,7	0,3	4,6	2,1	3,9	7,7	0,3	0,1	0,4	0,7	4,7	5,1	1,4	0,9
5	1	61	9	2	2	8,8	0,3	4,0	2,7	5,6	6,9	1,1	0,1	0,2	0,7	7,3	4,0	1,7	1,8
5	1	61	9	3	6	6,8	0,4	5,3	1,8	2,1	6,2	1,4	0,1	1,5	1,1	6,5	4,8	1,6	1,0
5	1	61	9	4	3	5,7	5,3	8,1	0,7	0,7	5,0	7,9	3,6	5,7	0,3	2,4	8,4	6,9	0,5
5	1	61	9	5	5	9,3	0,6	1,2	2,5	8,5	8,6	0,4	0,1	0,2	3,3	8,2	3,1	1,0	1,0
5	1	61	9	6	1	8,7	2,3	0,6	3,4	8,7	9,0	0,2	0,1	0,2	6,1	6,1	3,2	1,1	0,9
5	1	62	10	1	3	7,2	3,0	5,0	2,0	0,6	4,0	6,1	2,7	0,6	0,1	2,1	2,2	1,1	0,0
5	1	62	10	2	1	6,1	0,0	2,2	3,1	4,1	6,0	0,4	0,0	0,0	3,1	4,1	2,2	1,9	1,4
5	1	62	10	3	2	7,2	0,0	4,0	1,0	2,0	3,0	0,2	0,0	1,0	4,1	3,2	3,0	1,0	0,2
5	1	62	10	4	5	6,0	0,0	4,1	2,0	2,0	2,9	0,1	0,0	0,2	4,9	6,0	4,1	1,1	1,0
5	1	62	10	5	4	5,0	0,8	4,9	4,1	2,0	4,1	1,9	1,8	0,5	5,0	2,9	2,9	0,7	0,5
5	1	62	10	6	6	5,1	0,0	6,1	1,0	2,1	5,0	1,1	0,8	2,0	2,1	4,2	4,0	0,6	0,0
5	1	63	11	1	5	7,7	4,4	6,5	0,8	2,5	2,6	2,9	0,0	0,0	3,0	8,0	9,2	1,4	0,1
5	1	63	11	2	6	6,5	8,5	7,6	3,0	4,3	3,5	2,0	0,0	0,0	0,8	8,5	6,5	0,8	4,6
5	1	63	11	3	1	5,5	5,3	8,2	3,7	5,8	1,0	1,8	3,3	0,0	4,6	7,1	8,6	3,5	3,1
5	1	63	11	4	4	4,4	6,6	9,1	6,4	3,5	2,0	8,0	0,0	0,0	1,7	7,8	6,1	1,1	2,2
5	1	63	11	5	3	5,5	7,8	9,6	2,3	2,2	0,6	2,8	0,0	0,5	0,9	3,7	9,1	0,2	0,1
5	1	63	11	6	2	6,7	6,7	7,3	7,4	6,7	4,3	2,1	0,0	0,0	1,3	8,9	7,8	4,2	3,5
5	1	64	12	1	6	3,1	0,6	4,1	2,6	0,4	9,1	0,3	2,1	0,2	2,7	6,5	0,6	3,0	1,9
5	1	64	12	2	4	6,5	2,5	6,2	9,0	1,9	8,2	0,3	3,3	0,3	4,6	8,1	1,6	4,3	3,2
5	1	64	12	3	5	2,0	0,5	0,9	7,8	4,5	7,1	0,3	0,1	1,4	8,6	5,0	4,7	2,1	4,3
5	1	64	12	4	2	4,8	6,8	8,9	1,0	0,3	5,3	1,6	0,3	0,3	9,3	6,6	6,4	5,4	6,1
5	1	64	12	5	1	9,5	5,3	0,4	1,0	6,2	4,0	0,2	0,2	0,2	7,6	2,8	6,4	6,8	7,8
5	1	64	12	6	3	0,9	4,0	9,6	2,2	0,3	0,7	9,6	9,5	9,5	0,8	4,9	9,4	9,0	5,4
5	1	65	13	1	5	5,7	0,4	1,9	4,1	5,0	4,3	0,2	0,1	0,3	1,4	3,2	3,6	2,1	0,5
5	1	65	13	2	2	4,3	0,4	2,4	2,9	4,5	6,0	0,5	0,0	0,2	1,8	1,9	3,0	3,5	1,2
5	1	65	13	3	6	2,1	3,7	4,0	1,7	1,4	2,8	3,6	1,5	0,7	0,7	3,4	3,0	3,5	2,1
5	1	65	13	4	1	4,3	0,3	0,5	3,7	3,8	5,1	0,1	0,3	0,1	0,5	1,5	5,0	1,0	2,5
5	1	65	13	5	4	6,4	0,4	2,3	2,9	4,5	4,7	0,1	0,1	0,1	0,3	1,5	4,2	2,2	2,1
5	1	65	13	6	3	3,7	5,6	5,9	1,7	1,1	1,1	6,5	2,5	0,7	0,2	0,1	6,7	5,8	1,2
5	1	66	14	1	2	1,0	2,1	5,6	0,2	0,7	3,7	0,2	3,0	0,2	0,2	4,2	0,7	5,4	2,9
5	1	66	14	2	1	3,0	1,3	3,5	2,6	1,1	5,4	0,3	4,3	0,2	0,2	0,7	1,2	0,7	4,1
5	1	66	14	3	5	5,8	1,7	2,3	3,2	1,7	4,7	0,1	0,6	0,3	0,2	0,5	2,9	4,2	5,1
5	1	66	14	4	3	0,4	3,8	7,0	0,4	0,3	1,7	7,9	6,6	3,1	0,2	0,2	4,8	6,2	0,7
5	1	66	14	5	6	4,7	2,2	4,8	0,2	0,6	3,4	0,2	1,5	0,4	0,3	6,2	0,4	4,9	1,5
5	1	66	14	6	4	7,5	0,4	6,1	0,3	1,4	4,1	0,3	0,6	0,6	1,5	2,8	4,3	3,4	0,8
5	2	53	1	1	6	7,4	3,3	2,6	2,8	6,3	8,1	0,5	0,2	0,8	4,0	7,2	1,8	6,6	3,0
5	2	53	1	2	5	4,0	0,5	1,6	7,0	7,9	8,9	0,2	0,3	0,3	5,7	5,8	6,5	8,0	1,2
5	2	53	1	3	2	5,9	0,6	3,3	2,7	7,0	9,2	0,4	0,1	0,2	2,5	6,4	7,3	9,4	0,6
5	2	53	1	4	4	7,2	0,2	6,5	2,2	6,0	7,8	0,4	0,2	0,3	8,1	2,9	2,8	8,6	5,2
5	2	53	1	5	1	3,8	0,4	2,9	6,3	8,9	9,3	0,1	0,1	0,0	3,2	2,7	0,9	4,1	7,2
5	2	53	1	6	3	0,5	7,3	8,3	0,7	2,0	1,9	8,7	2,9	1,4	0,9	1,5	8,5	1,7	0,6
5	2	54	2	1	2	5,9	0,1	2,6	1,6	5,8	6,0	0,6	0,6	1,7	6,5	6,4	4,2	2,8	2,5
5	2	54	2	2	6	3,2	0,8	3,8	1,1	3,9	4,6	0,2	1,1	2,1	4,6	5,9	2,8	4,1	2,9
5	2	54	2	3	1	6,3	0,2	4,2	2,2	5,3	5,7	0,1	0,7	2,4	5,6	4,2	4,8	3,4	2,2
5	2	54	2	4	5	5,4	0,5	5,1	2,7	4,8	5,0	0,1	1,3	2,8	3,9	3,2	5,2	4,7	1,7
5	2	54	2	5	3	0,4	6,6	7,7	0,7	2,3	1,4	7,4	1,9	3,3	0,8	2,4	6,2	5,4	1,3
5	2	54	2	6	4	6,0	0,6	5,6	3,3	5,5	5,5	0,1	0,8	2,5	6,3	4,8	4,1	6,0	2,3
5	2	55	3	1	3	5,5	1,2	4,3	1,3	2,6	4,4	2,0	1,4	2,5	0,7	2,5	3,2	1,2	0,8
5	2	55	3	2	1	4,9	0,7	5,0	2,0	3,5	5,8	1,2	0,6	3,5	1,9	3,7	4,4	1,9	0,3
5	2	55	3	3	4	6,3	0,4	6,0	2,5	3,0	5,2	0,9	2,0	4,7	2,5	6,8	5,1	1,4	1,3
5	2	55	3	4	2	4,3	0,7	5,5	0,9	4,1	6,7	0,5	1,0	4,1	1,4	6,0	4,0	0,7	0,7
5	2	55	3	5	5	7,0	0,3	6,4	3,1	3,2	7,4	0,7	1,6	5,1	3,1	3,1	4,8	1,0	1,1
5	2	55	3	6	6	7,7	1,7	4,8	2,0	4,7	8,3	0,2	0,6	3,7	4,0	7,8	5,8	1,7	1,6
5	2	56	4	1	1	7,2	1,6	1,1	3,3	3,9	5,6	1,3	0,3	0,1	4,6	4,2	3,3	2,6	0,8
5	2	56	4	2	2	4,4	1,2	1,9	2,5	2,4	6,3	0,9	0,2	0,1	4,0	4,8	3,8	3,1	1,3
5	2	56	4	3	3	1,4	6,8	6,5	0,0	0,1	1,8	8,7	0,1	4,3	2,9	1,1	8,7	5,6	3,5
5	2	56	4	4	6	1,3	4,2	4,7	4,0	3,4	5,1	2,0	0,0	0,6	3,9	3,4	4,8	3,9	0,7
5	2	56	4	5	4	4,0	2,7	2,1	4,9	1,4	4,1	1,7	0,2	0,2	3,7	7,8	3,9	3,2	2,3
5	2	56	4	6	5	2,9	3,2	3,2	2,7	1,4	5,0	2,1	0,0	0,5	4,4	2,5	4,8	5,3	1,9
5	2	57	5	1	5	8,3	0,1	4,8	3,6	6,9	7,6	0,3	0,1	0,2	8,1	8,9	6,9	7,2	3,8
5	2	57	5	2	4	8,0	0,1	5,8	2,9	6,3	8,2	0,3	0,2	0,3	7,8	7,2	5,3	5,7	4,3
5	2	57	5	3	6	8,1	0,2	5,8	4,6	6,7	8,3	0,4	0,2	0,3	7,9	9,4	5,3	6,1	3,0
5	2	57	5	4	3	3,4	7,3	6,4	2,5	2,6	6,4	6,5	1,9	0,3	4,0	2,8	9,1	7,7	0,8
5	2	57	5	5	2	6,6	0,3	5,5	4,7	7,8	7,8	0,3	0,3	0,3	6,0	8,4	6,5	7,1	3,7
5	2	57	5	6	1	8,5	0,2	5,0	4,2	6,5	8,7	0,4	0,3	0,4	7,9	7,3	5,6	7,1	3,7
5	2	58	6	1	4	6,7	0,1	3,2	2,3	5,5	6,7	0,0	0,1	0,1	3,0	5,9	3,1	1,2	1,3
5	2	58	6	2	3	2,3	5,5	7,3	0,3	0,3	1,6	6,1	2,8	0,2	0,6	1,6	6,8	2,6	0,1
5	2	58	6	3	5	5,2	0,0	3,0	3,2	6,5	4,8	0,0	0,1	0,1	2,0	5,0	2,8	0,7	1,6
5	2	58	6	4	1	6,3	0,1	2,1	2,7	5,4	6,8	0,0	0,1	0,1	3,7	4,3	1,9	0,4	2,2
5	2	58	6	5	6	3,4	0,1	4,6	1,9	2,9	4,7	0,0	0,1	0,1	1,1	3,2	3,0	1,4	1,3
5	2	58	6	6	2	6,7	0,0	2,2	3,2	6,7	7,9	0,0	0,0	0,1	4,4	5,6	3,9	0,2	0,7
5	2	59	7	1	4	6,7	1,5	4,1	3,1	6,4	6,9	2,0	0,9	0,2	1,8	3,5	3,8	2,5	2,2
5	2	59	7	2	2	5,8	3,3	2,2	4,9	1,2	3,8	3,7	0,7	0,3	4,9	7,4	1,7	1,1	0,2
5	2	59	7	3	6	3,6	5,3	3,5	0,7	1,6	4,8	6,7	4,0	1,0	0,2	5,1	2,3	1,3	0,2
5	2	59	7	4	3	2,0	6,4	6,9	0,2	0,2	3,3	7,7	0,3	0,7	0,1	0,7	5,0	5,3	0,2
5	2	59	7	5	5	4,7	3,8	5,0	0,2	0,2	4,1	5,5	0,3	0,4	1,0	1,4	1,1	3,1	0,5
5	2	59	7	6	1	5,6	0,7	0,5	5,6	3,6	6,3	3,5	0,5	0,3	4,4	2,6	2,1	1,7	4,4
5	2	60	8	1	3	1,9	6,6	7,8	2,4	0,7	3,0	6,9	8,5	6,0	0,7	3,1	7,5	6,1	1,3
5	2	60	8	2	1	6,0	2,5	1,7	6,4	5,5	9,1	0,2	0,5	1,8	2,2	5,7	3,1	1,8	4,0
5	2	60	8	3	2	7,2	0,5	5,9	5,4	3,7	7,4	0,5	1,0	4,0	1,0	7,8	2,0	2,8	4,9
5	2	60	8	4	5	5,2	1,5	5,4	5,8	3,0	8,0	0,4	0,4	1,4	1,4	7,4	2,1	1,9	3,1
5	2	60	8	5	4	6,5	3,0	4,6	3,9	2,6	9,9	0,1	0,1	0,6	0,3	5,4	4,2	3,4	2,6
5	2	60	8	6	6	6,9	1,8	7,1	5,3	3,4	0,0	1,1	1,0	2,6	1,9	7,3	3,4	4,2	2,7
5	2	61	9	1	5	7,0	0,2	3,6	4,2	8,5	7,7	0,2	0,1	0,3	4,0	4,2	2,7	1,3	0,6
5	2	61	9	2	6	7,3	0,2	5,7	3,0	4,3	8,1	0,2	0,1	0,3	1,1	4,7	5,0	3,4	0,8
5	2	61	9	3	1	8,7	0,2	2,5	4,9	9,0	9,1	0,2	0,2	0,4	6,0	7,5	4,2	1,5	0,7
5	2	61	9	4	4	7,8	0,2	4,5	4,2	6,7	7,4	0,2	0,2	0,3	1,3	5,1	5,1	1,3	0,6
5	2	61	9	5	3	6,6	7,0	8,6	0,5	1,0	5,7	5,6	4,6	5,2	0,4	1,7	7,8	6,1	0,1
5	2	61	9	6	2	8,7	0,3	4,4	3,1	6,4	8,8	0,2	0,1	0,1	3,1	8,0	4,2	4,2	0,5
5	2	62	10	1	6	4,0	2,0	4,0	0,5	0,4	5,1	2,1	1,1	0,2	1,0	3,1	5,1	2,1	1,0
5	2	62	10	2	4	3,5	2,0	1,1	2,1	3,1	5,6	0,1	0,0	0,0	2,1	3,6	3,0	3,1	1,0
5	2	62	10	3	5	3,1	4,2	3,1	2,1	1,1	4,2	3,8	0,0	0,0	4,1	3,1	3,0	4,1	3,0
5	2	62	10	4	2	5,1	1,8	2,0	3,0	3,1	1,0	3,1	0,0	0,0	4,2	5,0	4,0	4,9	1,2
5	2	62	10	5	1	5,5	0,0	1,0	4,0	5,1	4,2	0,0	0,0	0,1	4,0	5,0	2,1	4,9	5,2
5	2	62	10	6	3	3,0	4,1	4,1	0,3	0,3	4,4	6,1	6,1	1,3	0,0	3,0	7,2	2,1	0,5
5	2	63	11	1	1	7,5	0,8	8,3	6,8	8,5	3,3	0,1	0,0	0,5	7,8	9,1	6,3	0,2	0,0
5	2	63	11	2	5	8,1	2,7	9,0	6,1	7,7	0,8	0,0	0,0	0,0	1,9	8,7	9,2	3,6	0,0
5	2	63	11	3	3	6,0	8,7	8,5	4,1	1,8	0,2	6,4	0,0	0,7	0,0	1,9	9,9	4,2	0,9
5	2	63	11	4	6	8,4	3,1	7,9	1,3	6,8	0,3	0,0	0,0	0,1	1,7	5,9	8,9	7,1	0,0
5	2	63	11	5	2	7,4	7,6	9,3	4,2	8,4	0,4	0,4	0,0	0,0	0,6	9,1	5,0	8,3	0,9
5	2	63	11	6	4	8,6	0,1	8,7	3,2	9,1	0,0	0,1	0,0	0,0	1,0	4,4	9,9	7,4	2,0
5	2	64	12	1	2	8,6	3,2	1,7	0,7	7,5	8,8	0,3	0,5	1,2	3,0	4,7	9,2	3,2	3,1
5	2	64	12	2	3	0,6	9,1	8,4	6,7	0,5	0,3	9,7	9,5	9,6	5,0	3,0	4,3	9,0	9,4
5	2	64	12	3	4	3,0	0,7	9,7	0,4	1,0	9,9	0,2	0,5	0,4	9,7	1,6	6,1	7,6	7,9
5	2	64	12	4	1	8,8	8,1	0,3	5,0	3,1	7,0	0,2	0,3	0,4	8,1	7,1	2,7	6,5	6,6
5	2	64	12	5	6	6,9	5,2	7,6	7,6	0,9	4,7	0,2	0,4	0,4	0,4	9,8	1,6	1,3	1,9
5	2	64	12	6	5	9,4	0,6	3,3	0,4	5,8	6,3	0,2	0,4	0,3	1,7	5,8	7,2	5,0	4,7
5	2	65	13	1	6	6,8	0,6	2,1	4,4	5,7	5,1	0,1	0,1	0,3	0,2	5,1	2,6	2,5	1,4
5	2	65	13	2	5	3,4	0,2	2,4	2,8	3,9	5,7	0,1	0,2	0,3	0,2	3,7	1,4	1,7	0,8
5	2	65	13	3	4	3,0	0,2	2,2	3,8	3,2	6,1	0,2	0,1	0,3	0,2	3,9	3,9	3,8	2,1
5	2	65	13	4	2	6,8	0,3	2,9	3,2	4,7	6,7	0,2	0,2	0,3	0,2	3,8	2,7	2,5	2,5
5	2	65	13	5	3	4,5	4,8	3,7	1,8	1,8	3,8	4,4	1,5	0,9	0,2	1,6	5,0	4,4	3,0
5	2	65	13	6	1	4,8	0,4	0,4	5,9	2,1	5,8	0,3	0,4	0,3	3,4	1,1	4,9	1,3	3,8
5	2	66	14	1	1	3,3	0,7	1,2	0,4	3,2	3,3	0,4	5,2	0,5	0,2	4,0	3,1	0,7	3,4
5	2	66	14	2	3	0,6	6,2	4,7	0,4	0,5	0,5	6,6	0,6	2,2	0,3	1,0	5,0	5,2	0,4
5	2	66	14	3	2	1,7	0,6	1,7	1,5	1,3	5,5	0,6	1,0	0,7	0,2	5,8	1,0	2,4	2,3
5	2	66	14	4	4	5,4	0,4	0,8	2,3	0,6	4,4	0,3	4,0	0,5	1,0	2,4	0,6	0,7	4,0
5	2	66	14	5	5	6,7	1,9	2,8	0,6	1,0	6,2	0,5	2,8	0,5	0,6	3,4	0,9	1,7	4,6
5	2	66	14	6	6	0,7	2,7	3,8	0,3	0,6	5,0	0,3	4,7	0,7	0,4	5,1	4,4	3,0	3,3
5	3	53	1	1	3	2,0	8,9	8,2	2,1	0,9	1,0	8,8	2,8	1,4	2,0	2,5	7,4	6,4	1,4
5	3	53	1	2	1	9,0	0,6	0,9	8,0	7,0	9,2	0,4	0,5	0,6	7,3	7,7	1,4	7,5	4,2
5	3	53	1	3	4	8,6	1,7	8,3	0,9	4,3	7,8	1,8	0,2	0,4	8,3	5,7	2,9	7,9	4,9
5	3	53	1	4	2	6,5	4,4	7,9	1,1	5,7	8,6	0,5	0,5	1,0	6,5	7,4	4,6	5,6	3,4
5	3	53	1	5	5	8,5	0,6	9,1	5,3	5,5	6,6	0,7	0,3	0,5	6,7	5,4	2,4	5,0	4,1
5	3	53	1	6	6	6,1	0,9	8,3	2,9	4,7	7,0	0,8	0,3	0,5	7,6	6,4	6,3	8,7	2,5
5	3	54	2	1	1	4,8	0,5	2,7	1,5	5,2	4,7	0,2	1,1	1,5	6,3	5,8	3,4	5,6	1,8
5	3	54	2	2	2	4,0	1,0	2,1	0,8	4,2	4,0	0,3	1,4	0,9	5,6	5,2	3,8	5,1	1,4
5	3	54	2	3	3	1,7	7,3	5,9	0,4	0,9	0,4	7,3	4,4	4,2	1,2	0,5	6,4	6,3	1,0
5	3	54	2	4	6	3,5	0,8	1,7	0,7	4,9	4,5	0,5	3,9	3,4	5,1	5,6	5,9	5,8	2,0
5	3	54	2	5	4	5,2	1,4	4,5	2,4	4,4	3,5	0,8	3,3	2,8	6,1	3,2	5,2	3,8	1,4
5	3	54	2	6	5	6,4	0,8	5,1	1,8	3,6	4,1	0,2	2,2	2,2	3,8	4,3	5,6	4,8	2,5
5	3	55	3	1	5	8,1	0,8	4,6	1,7	3,9	6,3	0,8	2,1	3,4	3,9	5,5	4,7	1,8	1,3
5	3	55	3	2	4	7,1	0,5	5,5	2,4	3,1	5,3	1,3	2,6	4,1	3,4	3,8	5,7	1,2	2,0
5	3	55	3	3	6	7,6	0,7	3,8	1,3	2,8	6,0	1,7	3,6	4,7	4,4	6,5	6,3	0,7	0,9
5	3	55	3	4	3	3,6	4,6	6,2	0,9	2,3	4,4	5,0	4,8	5,3	5,4	5,1	6,9	2,3	0,5
5	3	55	3	5	2	5,0	1,4	6,8	1,9	3,6	5,1	0,4	2,8	4,3	5,0	7,0	4,1	1,7	1,8
5	3	55	3	6	1	4,0	1,9	3,0	3,8	5,4	3,9	1,4	3,5	4,9	6,1	4,4	5,3	1,2	1,2
5	3	56	4	1	4	6,3	1,7	5,4	4,2	2,6	6,8	1,9	0,1	0,1	5,2	4,3	6,1	2,7	1,7
5	3	56	4	2	3	1,9	7,6	7,0	1,2	0,3	2,0	9,0	0,3	5,1	0,9	3,9	8,6	7,5	0,9
5	3	56	4	3	5	5,6	2,4	2,3	3,4	2,1	5,5	0,9	0,1	0,3	2,9	7,9	2,4	3,4	2,0
5	3	56	4	4	1	7,5	1,6	0,9	4,2	4,0	5,1	0,9	0,1	0,1	0,6	7,1	2,2	4,1	2,7
5	3	56	4	5	6	3,9	3,1	3,6	2,2	5,1	5,9	1,0	0,1	0,1	3,5	6,5	2,2	4,2	3,6
5	3	56	4	6	2	6,8	1,9	4,4	4,2	3,5	6,7	0,6	0,1	0,9	4,9	7,3	2,6	3,4	2,1
5	3	57	5	1	6	9,2	0,1	6,8	5,9	5,4	6,7	0,3	0,2	0,2	6,5	8,6	3,1	7,3	6,3
5	3	57	5	2	5	7,5	0,2	7,5	6,9	6,3	5,7	0,3	0,2	0,2	5,3	8,7	3,1	6,0	7,0
5	3	57	5	3	2	8,1	0,3	6,4	5,8	5,4	7,4	0,3	0,2	0,3	6,4	8,3	3,8	7,9	8,1
5	3	57	5	4	4	8,7	0,2	6,6	5,9	5,5	5,7	0,3	0,2	0,3	6,3	7,6	4,5	8,0	7,9
5	3	57	5	5	1	8,6	0,2	6,7	8,3	8,3	6,4	0,3	0,3	0,3	6,6	7,6	4,5	6,2	8,7
5	3	57	5	6	3	5,4	7,5	8,3	2,6	1,8	4,5	6,5	0,3	0,3	2,8	4,9	7,2	5,1	3,0
5	3	58	6	1	2	6,9	0,1	2,8	2,9	7,1	6,5	0,1	0,1	0,1	2,7	5,9	2,6	1,4	2,8
5	3	58	6	2	6	4,1	0,2	3,7	2,2	4,1	3,9	0,2	0,1	0,1	1,6	4,5	2,0	2,0	1,4
5	3	58	6	3	1	5,8	0,1	2,2	4,1	5,4	5,6	0,1	0,2	0,1	4,9	5,7	2,8	0,9	0,7
5	3	58	6	4	5	7,0	0,1	4,1	4,7	6,6	6,5	0,1	0,2	0,1	3,1	4,8	4,1	0,5	0,4
5	3	58	6	5	3	2,3	4,3	7,2	0,2	0,3	1,8	4,5	2,5	0,1	0,8	1,7	6,9	3,1	0,1
5	3	58	6	6	4	7,3	0,2	3,4	2,8	7,6	7,6	0,1	0,2	0,1	1,9	6,8	3,8	0,7	1,7
5	3	59	7	1	5	4,3	6,5	2,2	1,2	7,0	6,6	2,5	0,1	0,1	0,3	3,9	1,6	1,0	0,3
5	3	59	7	2	6	6,0	4,9	1,7	1,7	4,0	4,8	1,4	0,1	0,2	1,6	5,4	2,2	3,1	1,0
5	3	59	7	3	1	3,9	6,3	1,1	2,1	2,6	5,9	0,9	0,1	0,4	1,9	3,3	3,3	1,4	1,5
5	3	59	7	4	4	3,6	7,6	1,3	2,2	1,0	1,7	3,2	0,1	0,3	0,6	2,7	2,8	2,2	0,3
5	3	59	7	5	3	2,9	7,1	5,2	0,3	0,2	1,3	6,6	0,2	0,2	0,1	1,8	6,3	4,1	0,2
5	3	59	7	6	2	5,1	5,3	2,4	0,3	0,3	3,0	0,5	0,3	0,3	0,3	2,2	4,0	0,6	0,5
5	3	60	8	1	6	2,1	6,3	6,1	5,6	2,4	7,6	1,3	3,0	4,2	1,2	6,6	1,4	1,8	2,5
5	3	60	8	2	4	7,3	1,8	3,4	3,6	6,5	9,2	0,5	0,4	1,6	0,5	7,1	2,4	3,9	4,7
5	3	60	8	3	5	6,5	2,3	2,5	6,4	3,2	6,1	0,7	0,8	3,2	2,3	8,3	2,6	2,4	1,9
5	3	60	8	4	2	7,7	1,3	5,4	4,1	4,4	8,0	0,2	0,4	1,5	0,7	7,1	2,1	3,6	1,5
5	3	60	8	5	1	5,3	2,6	2,0	3,7	7,5	9,4	0,1	1,1	2,0	0,9	5,7	3,9	4,6	2,3
5	3	60	8	6	3	0,7	7,7	9,2	2,7	1,9	2,5	8,7	6,4	7,2	0,7	3,6	6,2	5,6	1,8
5	3	61	9	1	1	8,5	0,3	2,4	3,2	8,5	9,1	0,3	0,4	0,5	5,9	5,6	3,5	4,2	0,8
5	3	61	9	2	5	7,6	0,3	5,4	1,3	2,8	7,1	0,4	0,4	0,5	0,9	7,0	5,0	1,0	1,6
5	3	61	9	3	3	5,8	7,4	7,3	1,0	0,6	5,4	7,0	5,4	5,8	0,6	2,8	7,3	6,5	0,2
5	3	61	9	4	6	8,2	0,4	4,0	1,5	5,1	6,7	0,5	0,3	0,3	1,4	5,7	4,9	1,7	1,4
5	3	61	9	5	2	8,6	0,3	3,8	3,5	6,1	8,0	0,4	0,2	0,3	4,3	6,0	2,9	4,0	1,0
5	3	61	9	6	4	9,3	0,3	2,3	4,1	7,2	8,7	0,4	0,3	0,4	4,9	6,8	3,3	1,9	0,7
5	3	62	10	1	2	6,1	0,1	2,0	4,0	2,1	4,1	0,1	0,0	0,0	1,6	3,1	2,1	3,1	3,0
5	3	62	10	2	3	5,0	4,0	4,1	0,1	0,2	4,7	6,1	3,1	0,4	0,0	3,2	5,0	1,0	0,1
5	3	62	10	3	4	3,6	0,0	2,1	3,0	1,0	6,1	0,0	0,8	0,8	2,1	6,1	3,0	1,5	0,0
5	3	62	10	4	1	4,9	0,0	0,5	4,1	4,0	6,1	0,0	0,0	0,0	1,6	6,5	1,3	4,7	2,9
5	3	62	10	5	6	4,1	1,7	2,0	2,3	1,1	4,8	3,0	1,2	0,0	0,2	4,7	1,3	3,5	2,8
5	3	62	10	6	5	4,1	0,0	1,3	3,1	1,1	4,8	0,0	0,7	0,7	1,6	6,0	1,9	1,3	1,0
5	3	63	11	1	4	6,4	2,0	8,2	6,1	7,7	3,6	0,7	0,0	0,1	4,1	7,0	8,4	1,4	0,1
5	3	63	11	2	2	7,0	1,6	8,6	6,8	6,6	0,6	0,1	0,1	0,1	4,5	8,6	7,5	2,1	0,5
5	3	63	11	3	6	6,3	3,4	7,7	4,4	7,9	0,4	0,1	0,0	0,1	6,3	9,2	8,8	2,6	0,1
5	3	63	11	4	3	4,4	0,1	8,3	1,0	0,8	1,2	3,7	0,1	0,0	0,1	7,1	8,5	6,8	0,1
5	3	63	11	5	5	5,6	1,2	8,7	6,2	0,3	1,1	0,0	0,1	0,1	4,4	8,5	6,1	8,2	0,1
5	3	63	11	6	1	4,5	0,1	7,6	0,8	7,7	6,3	0,1	0,1	0,1	3,2	2,6	8,2	7,5	0,5
5	3	64	12	1	3	0,4	9,3	6,5	4,8	0,5	0,6	9,6	9,6	3,1	1,5	2,6	4,1	6,9	7,9
5	3	64	12	2	1	2,7	5,0	0,7	9,8	9,7	8,8	0,3	0,3	0,3	7,7	5,2	6,0	4,4	3,2
5	3	64	12	3	2	9,6	2,2	1,9	6,4	2,1	7,2	0,3	0,3	0,4	2,9	6,7	4,0	5,9	6,0
5	3	64	12	4	5	8,3	0,3	4,7	1,2	0,4	2,7	0,2	0,3	0,4	6,1	4,1	7,3	3,3	7,3
5	3	64	12	5	4	6,5	0,4	9,4	8,1	4,6	5,1	0,3	1,8	0,2	9,3	3,0	2,5	4,6	9,0
5	3	64	12	6	6	2,8	1,5	9,9	1,4	0,5	8,1	0,2	0,2	0,7	1,2	7,1	1,2	6,4	4,4
5	3	65	13	1	4	6,0	0,8	2,1	5,3	3,8	7,7	0,1	0,1	0,1	0,1	4,4	4,0	2,2	2,8
5	3	65	13	2	6	4,5	0,4	3,2	3,9	1,2	5,4	1,4	0,1	0,1	0,1	1,2	2,3	4,0	2,9
5	3	65	13	3	3	2,3	5,4	4,8	2,7	0,4	2,5	6,3	0,2	0,1	0,1	2,2	5,1	5,2	2,3
5	3	65	13	4	5	4,1	2,0	1,5	2,1	1,0	4,8	0,0	0,1	0,2	0,2	5,2	4,1	4,0	1,3
5	3	65	13	5	1	5,6	0,8	2,0	4,1	3,8	8,1	0,3	0,1	0,6	1,3	2,3	3,5	3,1	1,7
5	3	65	13	6	2	4,0	1,2	3,2	3,1	1,8	5,4	0,2	0,1	0,3	0,9	3,0	5,0	4,3	2,1
5	3	66	14	1	3	0,3	4,9	3,4	0,3	0,3	1,9	5,2	1,5	4,3	0,2	2,2	6,2	2,0	0,9
5	3	66	14	2	4	1,3	0,6	4,8	0,7	1,8	5,4	0,6	3,0	0,4	0,4	1,5	1,9	1,0	4,1
5	3	66	14	3	1	1,2	1,0	2,5	0,3	2,9	6,7	0,9	0,8	0,5	0,5	1,2	1,0	0,6	5,0
5	3	66	14	4	6	3,9	0,5	1,6	0,4	2,6	5,9	0,5	3,8	0,7	0,4	3,7	0,5	1,9	3,1
5	3	66	14	5	2	4,9	0,7	2,9	2,2	0,8	2,9	0,7	2,3	0,5	0,4	5,5	0,6	5,1	0,7
5	3	66	14	6	5	3,1	0,5	2,3	0,5	2,9	3,6	0,4	5,3	0,6	0,6	2,9	1,8	3,9	3,9
6	1	67	1	1	2	6,5	0,3	1,2	1,6	8,5	8,0	0,3	0,3	0,9	1,4	7,9	2,8	1,0	1,0
6	1	67	1	2	1	5,8	0,3	0,2	1,1	9,1	9,0	0,3	0,2	0,2	2,3	3,9	0,8	0,5	1,4
6	1	67	1	3	3	1,5	6,0	7,7	0,3	1,1	4,0	7,7	1,9	1,5	0,2	1,9	7,8	2,5	0,4
6	1	67	1	4	6	6,4	0,3	2,6	0,4	4,5	6,4	0,3	0,3	0,4	0,3	6,8	2,5	1,1	1,7
6	1	67	1	5	5	3,6	0,7	1,1	0,7	7,1	6,6	0,4	0,3	0,4	0,2	2,6	2,0	0,4	2,2
6	1	67	1	6	4	5,9	0,3	0,4	0,4	8,7	8,2	0,2	0,3	0,4	1,3	4,7	3,1	1,1	0,3
6	1	68	2	1	1	6,6	3,2	3,5	3,3	7,0	6,7	2,4	3,7	3,5	7,4	3,5	6,2	3,1	4,1
6	1	68	2	2	6	7,6	1,2	5,9	2,1	6,1	7,6	1,8	4,8	5,0	7,0	7,5	6,5	6,5	1,2
6	1	68	2	3	2	7,6	1,7	2,9	1,6	7,1	7,4	1,8	4,0	4,1	7,7	8,3	7,0	5,6	2,2
6	1	68	2	4	4	7,2	1,7	2,8	2,3	6,3	7,9	2,5	4,3	4,4	7,0	6,7	5,7	5,1	4,1
6	1	68	2	5	3	5,6	4,9	6,1	3,2	3,2	5,6	5,4	5,4	4,6	5,6	3,6	8,5	7,5	0,9
6	1	68	2	6	5	8,0	0,9	4,1	2,3	6,8	7,0	2,7	5,1	4,0	7,5	7,8	3,5	3,4	1,2
6	1	69	3	1	3	6,0	2,5	6,8	0,3	0,4	5,8	6,2	2,3	0,6	0,2	5,1	6,8	5,7	0,4
6	1	69	3	2	2	6,7	1,1	3,8	1,0	3,7	4,9	0,7	0,6	0,5	3,4	6,8	6,1	1,0	1,2
6	1	69	3	3	5	5,7	1,0	4,2	3,0	3,0	5,0	0,3	0,4	0,5	4,7	6,2	5,7	0,8	2,4
6	1	69	3	4	1	5,6	0,6	3,4	4,8	5,4	4,8	0,6	0,7	0,6	6,1	7,7	6,8	1,8	0,9
6	1	69	3	5	4	6,0	2,2	4,2	4,2	4,8	5,0	0,6	0,7	0,7	6,0	7,0	7,2	1,9	0,9
6	1	69	3	6	6	6,6	0,5	5,3	0,7	4,2	5,5	0,4	0,4	0,6	3,5	7,6	7,1	4,5	0,9
6	1	70	4	1	5	8,6	0,9	7,0	8,2	6,0	6,9	1,5	1,1	1,0	6,2	8,7	3,8	5,1	1,8
6	1	70	4	2	3	3,3	7,6	7,0	9,1	1,4	2,2	6,7	5,2	1,6	2,9	2,4	6,9	6,9	0,6
6	1	70	4	3	4	8,6	0,7	2,4	8,6	8,6	9,2	0,9	0,9	1,0	8,7	8,2	4,2	2,0	5,3
6	1	70	4	4	2	8,6	0,9	4,0	7,3	8,1	9,2	1,0	0,9	0,9	6,0	9,0	3,3	0,4	3,0
6	1	70	4	5	6	7,8	0,8	1,5	7,1	6,2	9,1	1,0	1,0	0,9	9,5	8,9	3,4	1,8	3,7
6	1	70	4	6	1	9,0	0,8	0,9	6,7	9,2	9,3	0,9	0,9	0,9	9,2	6,5	3,2	0,9	4,2
6	1	71	5	1	6	6,9	1,5	7,9	1,4	0,8	5,8	1,9	2,0	2,0	1,3	7,4	5,6	3,0	2,9
6	1	71	5	2	4	5,3	1,5	5,9	1,7	1,4	5,2	1,3	2,1	2,5	1,4	6,7	4,8	2,5	3,8
6	1	71	5	3	1	6,7	1,1	5,1	2,7	1,7	6,7	1,4	1,6	1,2	1,3	5,2	3,1	4,4	3,4
6	1	71	5	4	5	6,8	1,1	6,4	2,1	1,6	6,0	1,0	1,5	1,9	1,2	6,6	2,6	3,1	2,4
6	1	71	5	5	2	6,3	1,2	6,9	1,5	1,1	6,0	1,6	2,0	1,9	1,0	6,2	2,7	4,0	5,1
6	1	71	5	6	3	5,5	2,0	7,7	1,9	0,6	4,6	2,6	2,3	2,3	1,2	5,1	3,7	4,4	1,8
6	1	72	6	1	4	7,5	1,9	1,4	1,0	4,4	6,0	1,2	0,0	1,0	7,1	9,2	6,8	6,9	8,5
6	1	72	6	2	5	9,6	0,9	0,1	3,1	8,1	8,8	0,8	1,7	0,1	7,7	9,7	5,1	6,4	1,4
6	1	72	6	3	6	8,1	3,3	4,4	1,6	4,0	7,7	0,5	1,2	1,0	2,7	8,9	5,0	7,0	0,1
6	1	72	6	4	3	9,1	2,4	5,8	0,5	0,6	5,7	7,0	7,7	7,5	0,3	8,8	7,4	7,4	0,5
6	1	72	6	5	1	9,5	0,0	0,1	3,3	9,2	9,4	0,0	0,1	0,1	8,9	8,0	2,6	4,0	5,1
6	1	72	6	6	2	8,9	0,1	1,1	3,3	5,0	8,4	0,1	0,1	1,4	4,1	9,7	3,6	6,5	1,2
6	1	73	7	1	4	3,9	5,3	3,7	1,7	3,7	4,0	1,4	0,7	0,0	3,3	8,6	4,9	1,5	1,6
6	1	73	7	2	2	6,4	0,7	2,0	3,0	6,9	7,9	0,7	0,1	0,0	6,2	8,9	1,8	1,3	3,2
6	1	73	7	3	6	0,2	7,8	7,3	5,0	0,0	2,0	4,1	0,0	0,0	7,7	5,4	7,5	7,0	0,7
6	1	73	7	4	3	2,4	6,8	8,6	1,5	0,1	2,8	7,9	4,4	0,6	4,1	6,4	8,8	7,0	0,2
6	1	73	7	5	5	9,0	0,8	3,3	2,2	7,8	7,4	1,4	2,4	0,0	7,2	9,0	3,7	1,7	2,2
6	1	73	7	6	1	7,7	1,5	0,8	7,2	9,8	9,0	0,0	0,0	0,0	8,0	8,5	3,4	1,6	4,1
6	1	74	8	1	5	9,5	0,3	4,5	1,8	2,6	9,0	0,0	0,1	4,1	2,7	8,7	0,8	4,2	7,1
6	1	74	8	2	6	7,3	1,3	6,7	6,3	2,5	8,0	1,7	0,3	2,3	4,4	8,4	2,3	7,3	2,1
6	1	74	8	3	1	9,5	0,2	1,2	8,5	8,5	9,4	0,1	0,1	0,0	7,2	5,7	1,3	7,6	1,5
6	1	74	8	4	4	8,5	0,2	3,1	4,0	4,9	9,4	0,2	2,7	0,2	5,1	6,2	3,3	5,5	7,7
6	1	74	8	5	3	5,9	2,7	7,5	2,8	1,2	7,3	7,3	7,2	1,4	2,1	4,3	3,0	8,9	5,6
6	1	74	8	6	2	9,4	0,4	3,1	3,7	6,6	9,5	0,0	0,0	0,2	6,9	5,5	2,3	8,7	2,6
6	1	75	9	1	1	7,5	3,3	1,7	3,2	4,7	7,9	2,0	2,7	1,4	1,4	6,7	4,7	1,5	4,0
6	1	75	9	2	5	5,9	2,6	5,8	0,8	1,7	6,7	3,1	3,4	2,0	1,2	6,7	6,4	5,3	2,4
6	1	75	9	3	3	5,9	4,6	6,7	0,8	1,8	6,4	5,4	3,4	2,1	1,2	4,7	7,7	6,3	1,4
6	1	75	9	4	6	6,9	2,4	2,8	2,1	5,3	8,2	1,6	2,0	1,5	1,0	8,1	6,4	6,0	5,3
6	1	75	9	5	2	6,1	2,6	2,2	1,6	4,9	6,4	2,0	1,8	1,5	1,3	8,5	4,2	6,7	5,7
6	1	75	9	6	4	6,8	4,2	4,9	0,8	2,0	7,0	2,4	2,5	2,0	1,1	6,2	5,3	5,0	5,8
6	1	76	10	1	6	4,5	2,3	3,6	6,6	2,8	4,6	2,8	1,1	1,0	1,4	4,3	2,9	0,9	3,1
6	1	76	10	2	4	3,9	1,2	1,8	5,3	6,7	5,7	1,1	1,1	1,1	6,3	5,1	3,6	2,1	2,4
6	1	76	10	3	5	4,5	3,6	1,3	3,1	5,8	5,3	1,4	1,0	1,0	3,2	3,8	2,0	1,2	1,9
6	1	76	10	4	2	3,3	3,3	1,8	4,2	6,0	6,0	2,1	1,1	1,1	3,2	4,7	1,0	7,5	1,8
6	1	76	10	5	1	2,6	1,6	0,8	4,8	6,9	5,8	2,0	1,1	1,2	5,2	2,9	5,9	3,4	3,8
6	1	76	10	6	3	2,9	3,7	3,5	6,9	3,5	2,7	3,3	5,0	2,7	3,8	1,9	7,1	3,5	1,9
6	1	77	11	1	2	2,7	3,5	5,0	0,4	2,0	6,0	1,5	0,1	0,5	3,8	4,5	5,7	4,6	5,3
6	1	77	11	2	3	3,0	6,2	6,9	0,3	0,3	2,1	6,7	0,4	2,7	2,6	2,9	6,9	2,8	2,8
6	1	77	11	3	4	4,0	3,2	6,1	1,8	2,9	4,3	0,3	1,8	0,3	5,1	4,1	5,9	2,6	4,7
6	1	77	11	4	1	5,1	1,2	4,7	0,4	4,2	4,3	0,3	0,2	0,2	3,1	4,1	5,7	3,1	3,4
6	1	77	11	5	6	3,3	5,2	7,2	0,3	0,3	3,9	1,8	0,3	0,4	2,8	6,9	6,5	2,2	2,5
6	1	77	11	6	5	3,6	2,3	6,9	1,4	0,8	3,7	1,0	2,2	0,4	5,8	4,1	7,3	2,4	4,2
6	1	78	12	1	3	7,9	0,0	5,9	0,5	1,3	6,4	2,3	0,0	0,0	1,4	7,8	7,6	2,1	3,1
6	1	78	12	2	2	9,2	0,0	3,6	2,7	7,0	8,7	0,0	0,0	0,0	3,7	8,9	3,1	5,5	3,2
6	1	78	12	3	1	7,9	0,0	5,9	1,1	5,1	7,0	0,0	0,0	0,0	3,0	9,2	7,7	4,5	4,9
6	1	78	12	4	5	5,1	0,1	4,6	2,1	6,7	5,5	0,0	0,0	0,0	5,1	9,6	6,4	2,0	2,8
6	1	78	12	5	4	7,1	0,1	6,2	1,4	7,4	8,7	0,0	0,0	0,0	5,2	9,6	7,1	3,2	1,9
6	1	78	12	6	6	9,0	0,1	5,7	0,2	4,1	8,3	0,0	0,6	0,0	6,6	10,0	9,6	3,2	4,5
6	1	79	13	1	2	5,2	5,2	2,9	1,5	2,4	6,3	3,8	3,4	1,0	3,7	5,0	6,6	3,2	3,4
6	1	79	13	2	5	5,5	5,9	2,1	5,7	3,8	8,0	4,6	6,0	1,9	5,1	3,3	4,4	1,9	2,0
6	1	79	13	3	3	4,0	7,3	6,3	5,6	2,2	4,3	7,4	6,2	3,2	2,9	1,8	7,1	5,0	2,3
6	1	79	13	4	4	7,1	2,7	2,0	3,1	6,2	7,4	2,0	2,0	1,1	3,6	2,0	7,6	2,6	2,0
6	1	79	13	5	1	7,0	5,0	1,6	7,0	6,5	7,5	3,3	2,3	1,0	4,5	5,5	2,9	1,1	2,0
6	1	79	13	6	6	6,2	5,1	5,1	6,2	5,8	6,1	3,5	4,7	1,4	5,4	6,7	3,5	4,1	2,0
6	2	67	1	1	3	3,0	6,1	4,7	0,4	0,4	3,2	7,5	2,0	0,9	0,2	2,7	6,8	2,1	0,3
6	2	67	1	2	2	7,5	0,2	0,4	1,3	8,6	8,2	0,2	0,2	0,2	1,4	5,9	1,9	0,9	2,0
6	2	67	1	3	4	6,6	0,3	2,1	0,4	5,1	6,7	0,3	0,7	0,4	0,2	7,2	2,0	0,9	1,9
6	2	67	1	4	1	6,2	0,4	1,0	2,2	8,1	8,6	0,5	0,5	0,4	1,6	6,4	0,8	0,7	1,3
6	2	67	1	5	4	5,5	0,3	3,1	0,3	3,6	5,4	0,3	0,3	0,2	0,2	3,2	3,6	1,3	2,5
6	2	67	1	6	6	5,7	0,3	3,7	0,3	2,6	5,8	0,2	0,9	0,2	0,1	6,5	2,6	1,0	0,7
6	2	68	2	1	5	7,7	0,7	4,4	2,0	7,0	7,0	1,4	3,6	3,9	7,0	3,5	7,2	4,7	1,6
6	2	68	2	2	3	5,4	4,6	6,9	2,5	3,2	5,0	4,8	4,9	4,9	4,7	3,6	8,0	5,0	1,5
6	2	68	2	3	4	7,3	1,4	2,8	2,2	8,2	7,8	1,5	2,4	2,9	7,8	3,6	7,7	6,3	2,2
6	2	68	2	4	2	7,3	1,1	2,2	1,8	8,5	8,3	1,3	1,6	2,0	8,5	5,3	5,8	6,6	1,9
6	2	68	2	5	6	6,5	2,9	4,3	3,8	7,1	6,3	3,0	4,5	4,5	6,7	5,0	4,7	5,9	1,9
6	2	68	2	6	1	8,3	0,8	1,6	4,5	8,7	8,9	1,2	1,9	1,9	8,4	6,2	4,0	3,6	2,1
6	2	69	3	1	6	5,5	3,7	4,3	0,9	2,5	5,4	0,5	0,4	0,4	0,4	6,2	6,2	3,5	0,5
6	2	69	3	2	4	8,0	0,6	3,5	2,6	2,0	4,2	0,6	0,6	0,7	2,8	5,6	6,5	2,1	1,1
6	2	69	3	3	1	6,5	0,8	4,1	3,4	3,3	4,8	0,4	0,7	0,7	2,1	6,7	6,1	1,1	0,6
6	2	69	3	4	5	6,1	0,6	6,3	0,8	2,0	5,7	0,8	0,6	0,8	0,4	7,6	6,9	1,7	1,1
6	2	69	3	5	2	6,2	1,0	4,7	0,5	1,0	4,8	0,6	0,7	0,6	0,9	7,9	7,4	3,4	0,9
6	2	69	3	6	3	5,1	1,9	6,2	0,6	0,5	4,6	4,4	4,5	1,9	0,3	6,2	8,1	5,0	0,5
6	2	70	4	1	4	8,6	0,5	2,9	8,6	8,0	7,9	0,8	0,8	0,7	6,6	6,6	5,3	2,1	2,8
6	2	70	4	2	5	9,1	0,2	2,6	8,6	9,2	9,6	0,2	0,2	0,1	9,1	7,0	4,2	1,2	6,4
6	2	70	4	3	6	5,9	1,6	3,5	6,6	6,9	7,9	0,8	0,9	0,8	5,0	4,9	5,3	3,7	1,8
6	2	70	4	4	3	3,0	5,5	5,7	6,5	2,8	3,0	4,4	5,4	2,2	5,1	3,4	7,5	7,2	1,4
6	2	70	4	5	1	8,8	0,4	1,7	8,0	10,0	10,0	0,4	0,3	0,3	8,5	7,9	3,6	0,6	5,4
6	2	70	4	6	2	8,5	0,6	4,3	8,0	6,9	8,4	0,6	0,7	0,9	6,9	7,6	5,0	0,6	3,3
6	2	71	5	1	2	6,4	0,8	6,0	2,2	1,1	5,8	1,3	1,3	2,0	1,1	7,1	4,2	3,3	2,5
6	2	71	5	2	1	5,4	1,1	6,0	2,4	1,7	6,3	1,0	1,2	1,1	1,5	6,7	5,4	4,5	5,2
6	2	71	5	3	3	5,5	1,5	7,7	2,3	0,5	4,9	2,9	2,6	1,8	0,8	5,4	4,9	6,2	2,9
6	2	71	5	4	6	6,5	1,3	7,3	1,8	1,1	6,9	1,5	2,0	1,2	1,0	6,0	3,2	4,7	5,4
6	2	71	5	5	5	5,6	0,8	6,5	1,7	1,4	4,8	1,0	1,0	1,0	1,0	6,7	4,7	2,4	6,4
6	2	71	5	6	4	6,6	0,8	7,5	1,4	1,8	7,0	1,1	1,0	1,2	1,0	5,1	4,1	2,3	4,4
6	2	72	6	1	1	8,4	1,0	0,8	2,4	6,8	9,6	0,2	0,0	0,0	7,4	5,1	5,0	0,1	6,7
6	2	72	6	2	6	7,2	1,8	4,4	1,3	1,4	7,3	2,0	0,1	1,9	1,3	8,4	6,0	7,7	1,9
6	2	72	6	3	2	8,7	0,1	1,2	0,1	1,9	8,8	1,6	0,2	3,7	2,3	9,6	8,3	6,6	1,8
6	2	72	6	4	4	9,5	0,2	0,2	5,6	8,1	6,9	0,2	0,1	1,8	2,8	8,9	9,5	2,5	7,1
6	2	72	6	5	3	8,7	6,9	8,1	3,3	0,7	8,6	8,7	5,3	7,4	1,0	1,4	2,1	8,2	1,8
6	2	72	6	6	5	9,6	0,2	0,2	1,6	8,2	9,2	0,0	0,0	1,1	6,5	9,5	7,1	0,8	6,8
6	2	73	7	1	1	8,0	2,1	1,2	2,3	9,7	9,7	1,1	0,2	0,1	3,4	8,5	3,7	1,1	4,2
6	2	73	7	2	5	7,7	1,1	5,4	2,5	3,7	6,4	1,3	1,7	0,2	4,2	8,6	6,1	2,5	0,5
6	2	73	7	3	3	5,1	3,4	8,1	0,9	0,0	3,4	8,4	4,1	0,2	1,3	6,7	7,2	5,2	2,8
6	2	73	7	4	6	6,3	3,1	2,9	4,4	6,4	6,4	1,8	2,2	0,2	4,9	5,7	3,4	5,6	4,5
6	2	73	7	5	2	8,1	1,3	6,5	3,6	6,3	7,0	0,2	1,2	0,0	6,1	9,4	2,9	2,3	7,6
6	2	73	7	6	4	6,9	4,3	2,8	8,5	6,8	7,7	0,8	0,7	0,0	7,8	7,7	2,8	1,4	7,7
6	2	74	8	1	6	9,1	0,2	2,7	5,6	3,9	8,2	0,2	0,1	1,8	3,0	6,6	2,9	4,0	5,3
6	2	74	8	2	4	7,7	0,2	4,0	6,9	2,6	7,1	0,2	2,4	0,2	3,8	6,0	2,7	3,0	4,1
6	2	74	8	3	5	8,9	0,2	3,5	5,2	3,0	8,8	0,0	0,1	1,1	5,3	6,2	2,2	4,7	5,4
6	2	74	8	4	2	9,3	0,0	2,5	4,5	8,1	9,5	0,1	0,0	1,9	4,9	8,5	0,9	4,1	8,7
6	2	74	8	5	1	7,9	0,1	1,1	7,1	9,0	9,7	0,0	0,0	0,0	6,5	9,5	0,8	2,3	9,2
6	2	74	8	6	3	1,2	7,9	7,2	3,4	0,7	2,7	8,8	7,5	3,6	7,5	2,5	4,7	7,3	2,0
6	2	75	9	1	2	6,8	2,2	4,2	3,2	3,8	8,1	1,9	1,7	1,1	1,0	8,0	6,3	6,8	3,0
6	2	75	9	2	3	5,7	4,0	7,0	1,0	1,0	6,1	5,9	3,6	2,6	1,3	4,2	8,5	3,7	1,1
6	2	75	9	3	4	7,5	2,4	5,9	2,1	3,7	7,1	2,5	2,2	1,7	0,9	4,6	6,8	6,1	5,2
6	2	75	9	4	1	6,1	3,0	1,4	4,6	6,2	8,6	1,9	1,3	0,9	1,7	4,0	7,4	3,0	5,2
6	2	75	9	5	6	6,3	4,4	6,1	1,1	1,5	7,0	2,9	2,1	1,2	0,9	6,5	5,4	2,5	6,6
6	2	75	9	6	5	5,8	3,0	4,4	2,4	2,7	6,9	3,0	2,7	1,6	1,1	4,2	5,9	5,8	4,5
6	2	76	10	1	3	3,1	4,7	5,6	4,5	1,5	4,3	6,2	3,7	0,9	2,3	3,3	2,5	5,5	0,9
6	2	76	10	2	1	5,1	0,9	1,3	5,2	6,0	4,8	1,4	0,9	0,9	5,5	0,5	3,0	1,4	1,9
6	2	76	10	3	2	2,8	3,8	3,6	3,8	4,3	3,8	2,4	0,9	0,8	4,1	2,5	3,1	1,2	1,9
6	2	76	10	4	5	4,9	1,2	1,1	5,5	4,6	4,5	2,3	0,8	0,9	3,2	1,7	1,9	1,2	2,0
6	2	76	10	5	4	3,9	1,0	0,7	7,2	6,0	3,9	2,2	0,8	0,7	3,6	2,3	2,1	1,3	1,3
6	2	76	10	6	6	4,1	1,8	0,9	6,9	4,1	5,5	2,5	0,9	0,9	2,9	5,5	3,2	6,3	1,3
6	2	77	11	1	4	2,9	4,3	5,1	0,3	2,6	5,0	1,0	0,3	1,1	3,1	2,6	5,5	3,0	4,1
6	2	77	11	2	2	2,4	1,8	7,3	0,2	1,1	4,2	0,9	0,1	1,5	6,1	4,1	6,3	2,9	4,6
6	2	77	11	3	6	3,7	1,4	6,5	1,0	0,9	4,7	1,4	0,5	0,5	2,4	2,3	7,1	6,4	2,2
6	2	77	11	4	3	3,3	5,6	7,7	0,3	0,4	2,2	6,5	0,3	2,0	2,5	2,5	8,7	1,6	1,9
6	2	77	11	5	5	3,1	4,1	6,1	0,2	1,9	4,1	0,3	0,3	0,3	5,8	5,0	3,5	2,7	4,2
6	2	77	11	6	1	4,5	1,2	5,7	1,1	3,1	4,9	0,2	0,3	0,4	6,0	5,1	3,4	0,7	4,7
6	2	78	12	1	5	8,3	1,2	3,1	1,5	7,3	8,1	0,0	0,0	0,0	2,7	8,1	3,1	7,3	2,1
6	2	78	12	2	6	6,4	0,0	5,6	2,6	8,5	8,5	0,0	0,0	0,0	6,3	8,0	6,8	3,6	5,4
6	2	78	12	3	1	5,6	0,5	1,7	1,7	9,0	5,4	0,0	0,0	0,0	7,0	7,9	7,0	1,9	4,4
6	2	78	12	4	4	3,5	0,8	5,9	1,6	6,1	5,9	0,0	0,0	0,0	3,9	9,0	7,0	5,9	5,9
6	2	78	12	5	3	4,5	2,4	7,5	0,1	1,5	4,2	5,4	3,4	0,3	0,5	6,5	8,9	5,5	1,4
6	2	78	12	6	2	7,1	0,0	4,9	2,3	8,0	8,3	0,0	0,0	0,0	6,3	9,2	8,1	1,8	1,1
6	2	79	13	1	3	6,4	6,3	5,3	5,3	1,4	5,8	6,8	5,6	2,0	1,7	2,6	7,2	2,1	2,4
6	2	79	13	2	2	5,4	3,8	3,4	4,5	3,2	5,8	2,4	3,2	1,0	4,2	5,6	4,0	6,3	3,4
6	2	79	13	3	1	7,4	2,0	1,7	5,3	4,8	7,0	1,4	1,7	0,8	2,9	5,2	1,1	1,7	2,0
6	2	79	13	4	5	6,7	5,2	4,3	7,0	5,8	7,1	4,9	3,7	1,4	4,8	7,6	7,4	1,8	1,4
6	2	79	13	5	6	7,8	5,4	5,3	4,6	4,2	6,4	4,0	4,3	1,9	2,1	7,1	6,7	1,3	2,0
6	2	79	13	6	4	4,8	2,4	4,1	4,1	5,9	4,8	3,2	2,7	1,0	5,3	3,9	4,7	3,3	4,1
6	3	67	1	1	6	6,0	0,3	3,8	0,2	1,5	6,4	0,3	0,3	0,4	0,2	7,2	1,4	0,9	2,1
6	3	67	1	2	4	6,1	0,2	0,7	1,7	8,6	9,2	0,2	0,2	0,2	1,5	4,5	3,1	0,3	0,8
6	3	67	1	3	1	6,4	0,2	0,2	2,9	9,5	8,6	0,2	0,2	0,2	0,9	4,4	2,5	0,6	1,9
6	3	67	1	4	5	7,2	0,2	3,3	0,3	6,3	7,0	0,2	0,5	0,3	0,4	3,9	5,0	1,0	2,1
6	3	67	1	5	2	8,0	0,2	2,1	0,9	7,1	7,7	0,3	0,9	0,3	0,3	7,8	4,8	2,2	0,6
6	3	67	1	6	3	3,7	8,1	4,4	0,3	0,7	4,3	8,5	2,9	1,0	0,2	1,4	8,1	2,7	0,3
6	3	68	2	1	4	7,6	0,8	2,0	2,0	7,6	7,6	1,9	3,1	3,2	7,1	4,7	3,3	3,0	2,3
6	3	68	2	2	5	8,4	1,4	5,5	3,8	7,6	7,7	3,3	4,0	3,6	7,4	5,6	6,3	6,6	1,3
6	3	68	2	3	6	8,3	1,6	6,2	3,7	7,3	7,4	2,8	2,9	3,4	7,4	6,4	7,4	6,0	1,1
6	3	68	2	4	3	6,4	4,5	6,7	2,7	5,4	6,2	5,9	5,4	5,8	6,3	3,3	8,6	7,3	1,1
6	3	68	2	5	1	8,6	0,9	1,4	5,1	8,4	8,6	1,2	1,2	1,9	8,5	3,3	4,7	4,6	1,7
6	3	68	2	6	2	8,5	0,7	4,9	2,6	6,5	7,8	2,8	2,9	4,1	8,0	6,1	5,4	5,9	1,3
6	3	69	3	1	2	5,5	0,6	4,1	1,4	1,4	5,9	0,9	0,9	0,8	0,8	8,1	7,3	6,3	0,6
6	3	69	3	2	1	6,6	0,6	1,8	3,3	3,6	5,5	0,6	0,7	0,6	2,1	7,5	6,6	1,0	0,6
6	3	69	3	3	3	4,7	1,9	6,8	0,4	0,3	3,2	5,2	5,2	1,8	0,3	5,5	8,2	5,8	0,3
6	3	69	3	4	6	7,7	1,1	4,7	0,6	0,5	5,4	0,8	0,9	1,5	0,9	8,1	7,3	4,7	0,4
6	3	69	3	5	5	5,5	0,8	4,3	1,1	2,4	5,6	0,5	0,5	0,5	0,5	7,7	6,5	4,1	0,3
6	3	69	3	6	4	5,9	0,5	4,2	2,5	3,4	4,9	0,6	0,7	0,6	1,7	7,7	4,6	4,3	0,7
6	3	70	4	1	1	9,0	0,6	3,8	8,2	9,6	9,2	0,7	0,7	0,6	8,2	8,2	4,6	1,5	4,2
6	3	70	4	2	6	7,6	1,1	4,4	8,0	7,0	7,0	0,8	2,2	0,8	5,8	7,1	5,2	5,3	1,5
6	3	70	4	3	2	9,0	0,6	4,2	8,6	8,6	8,7	0,9	0,8	0,9	7,3	8,2	3,6	2,3	3,9
6	3	70	4	4	4	7,9	1,4	3,4	8,5	6,7	7,7	0,8	1,0	1,6	7,6	7,5	4,2	1,4	3,3
6	3	70	4	5	3	4,3	4,3	5,8	7,9	3,5	3,3	6,8	6,3	3,2	5,5	3,0	7,0	7,1	0,5
6	3	70	4	6	5	7,8	0,9	5,4	7,7	6,7	6,6	0,8	0,8	0,8	6,4	7,1	4,8	1,1	2,2
6	3	71	5	1	3	5,3	1,9	7,4	2,1	0,6	4,8	2,8	2,4	1,9	0,8	4,7	4,8	3,8	2,9
6	3	71	5	2	2	5,7	0,8	7,0	1,0	1,1	4,9	1,0	1,0	1,0	0,9	6,8	3,6	3,9	2,8
6	3	71	5	3	5	6,3	1,2	7,8	2,0	0,8	5,3	1,3	1,1	1,1	0,8	5,9	3,9	2,7	4,8
6	3	71	5	4	1	7,2	0,7	6,6	2,0	2,3	6,2	1,0	1,1	1,1	1,5	7,8	2,4	1,6	3,0
6	3	71	5	5	4	6,4	0,7	7,7	1,1	0,8	5,7	1,5	1,1	1,1	1,0	7,0	5,3	2,2	2,9
6	3	71	5	6	6	7,1	1,1	7,9	1,0	1,8	6,2	1,2	1,6	1,2	0,9	7,5	2,7	2,2	2,7
6	3	72	6	1	5	8,4	1,2	0,2	2,6	6,8	8,1	0,5	0,0	0,0	4,9	9,7	5,1	5,2	2,5
6	3	72	6	2	3	9,2	3,0	7,9	2,7	0,8	8,8	7,0	9,0	4,7	2,6	9,5	8,6	2,9	0,5
6	3	72	6	3	4	8,5	0,1	0,2	6,0	4,9	8,5	0,0	0,0	1,8	5,5	9,8	6,3	4,8	7,5
6	3	72	6	4	2	10,0	0,2	1,9	2,7	5,4	9,0	0,1	0,0	2,7	6,5	10,0	7,8	2,1	4,9
6	3	72	6	5	6	10,0	0,0	1,3	3,7	3,9	8,3	0,1	1,2	3,1	4,0	8,3	7,3	7,8	0,7
6	3	72	6	6	1	10,0	0,0	0,0	1,8	9,1	9,9	0,0	0,0	0,9	8,2	9,5	8,4	1,3	8,3
6	3	73	7	1	2	7,8	3,0	3,0	2,4	8,0	8,0	1,4	0,4	0,3	4,5	8,1	3,2	2,3	1,0
6	3	73	7	2	3	1,0	4,6	5,6	1,8	0,3	2,2	7,9	3,7	0,4	2,5	5,7	5,7	5,7	1,1
6	3	73	7	3	4	4,7	3,7	3,2	5,5	7,5	6,9	1,3	1,1	0,1	7,0	6,5	2,9	1,7	6,0
6	3	73	7	4	1	3,9	5,1	2,5	3,3	8,2	7,4	1,1	0,8	0,0	6,3	5,5	3,2	1,2	2,5
6	3	73	7	5	6	3,7	4,5	7,6	1,2	0,7	2,8	3,6	1,9	0,1	3,8	8,3	5,5	5,2	2,0
6	3	73	7	6	5	4,7	3,4	6,0	3,7	5,7	3,7	1,8	2,2	0,0	2,8	7,0	6,0	2,0	3,0
6	3	74	8	1	3	5,1	4,3	6,7	1,5	0,3	4,6	7,4	7,6	1,9	1,4	3,1	3,0	7,6	1,9
6	3	74	8	2	1	8,2	0,1	1,3	7,2	8,0	9,2	0,1	0,1	0,1	7,7	8,2	1,2	5,1	6,8
6	3	74	8	3	2	9,0	0,2	3,4	5,7	4,6	9,3	0,1	0,1	2,8	6,8	8,1	1,3	6,9	5,1
6	3	74	8	4	5	9,2	0,1	4,0	4,0	2,9	8,7	0,1	2,0	7,2	3,8	9,8	0,3	4,6	8,7
6	3	74	8	5	4	9,5	0,1	1,7	4,1	3,5	9,2	0,1	0,1	0,1	6,6	8,3	2,0	8,6	7,2
6	3	74	8	6	6	7,7	0,2	4,9	2,3	1,7	7,8	1,3	0,2	2,8	7,0	7,8	2,0	7,2	5,6
6	3	75	9	1	4	7,8	1,7	5,4	2,3	3,0	7,6	1,9	2,0	1,5	1,1	6,4	2,8	6,6	6,3
6	3	75	9	2	2	6,3	4,3	5,1	3,0	2,2	7,1	2,6	2,1	1,1	0,9	8,4	5,6	7,4	3,7
6	3	75	9	3	6	7,9	2,2	3,8	1,0	2,7	8,0	1,6	2,3	1,4	0,9	8,1	5,9	6,5	3,4
6	3	75	9	4	3	7,0	4,3	5,6	1,2	1,1	6,5	4,9	3,8	2,4	0,8	5,8	7,9	2,9	2,1
6	3	75	9	5	5	6,5	2,5	3,3	4,3	2,0	6,7	2,8	1,8	1,2	1,6	5,4	4,4	5,3	6,0
6	3	75	9	6	1	6,1	2,2	2,6	4,0	2,1	6,5	1,2	2,0	1,1	2,0	4,0	7,0	2,0	5,9
6	3	76	10	1	5	6,8	1,8	1,0	3,8	6,2	6,1	1,7	0,8	0,8	3,8	2,9	1,5	1,8	6,4
6	3	76	10	2	6	2,4	5,8	6,0	5,8	2,0	3,3	4,1	0,8	2,4	2,7	3,7	3,8	2,0	2,4
6	3	76	10	3	1	4,9	2,3	1,3	4,4	4,1	4,3	0,9	0,9	0,9	4,0	2,9	2,3	2,9	3,6
6	3	76	10	4	4	5,0	1,0	1,5	3,8	5,7	6,4	1,8	0,9	0,9	7,0	2,6	3,4	2,0	3,1
6	3	76	10	5	3	1,7	5,3	5,5	3,2	1,6	2,0	3,9	6,2	2,2	2,3	1,9	7,8	0,9	0,5
6	3	76	10	6	2	5,4	2,2	2,9	5,6	4,8	5,7	1,0	1,0	0,9	5,7	7,5	4,6	1,8	4,2
6	3	77	11	1	1	5,4	4,2	4,1	1,4	6,6	5,2	0,2	1,6	0,0	5,1	5,7	6,2	2,3	3,8
6	3	77	11	2	5	3,2	2,4	6,4	0,2	3,3	5,5	0,5	0,4	0,4	7,2	4,7	6,2	2,7	3,7
6	3	77	11	3	3	2,4	6,4	7,0	0,2	0,2	2,8	5,2	0,2	1,6	1,8	2,0	6,8	3,0	2,0
6	3	77	11	4	6	3,5	1,4	6,8	1,1	3,0	4,4	0,9	0,1	1,6	3,7	6,5	4,7	2,2	5,3
6	3	77	11	5	2	2,6	0,4	5,6	0,2	1,5	6,5	0,4	0,6	0,4	5,8	6,3	4,4	4,2	6,7
6	3	77	11	6	4	2,0	0,8	6,3	1,0	5,2	5,9	0,4	0,5	0,4	5,6	6,3	3,8	2,9	6,0
6	3	78	12	1	6	8,1	0,1	5,2	1,0	6,3	9,0	0,0	0,0	0,0	2,7	9,3	3,4	7,4	7,0
6	3	78	12	2	4	5,8	0,1	4,9	3,9	7,1	5,8	0,0	0,0	0,0	5,2	8,4	4,8	5,9	4,3
6	3	78	12	3	5	6,7	1,1	6,6	2,5	4,4	7,9	0,0	0,0	0,0	3,0	9,4	7,2	2,7	2,5
6	3	78	12	4	2	3,4	1,6	7,6	0,3	7,7	7,3	0,0	0,0	0,0	0,8	8,9	7,6	2,4	1,4
6	3	78	12	5	1	8,5	0,0	3,3	1,8	9,5	9,4	0,0	0,1	0,0	3,3	9,4	8,2	3,6	5,4
6	3	78	12	6	3	6,4	3,1	8,4	0,2	2,2	5,8	7,5	7,1	1,0	1,4	5,4	9,0	4,1	1,0
6	3	79	13	1	1	8,4	3,2	2,3	5,1	5,0	7,6	3,0	3,6	1,2	3,1	5,6	2,9	4,7	2,5
6	3	79	13	2	3	6,4	3,8	6,2	2,5	3,1	5,3	7,3	5,7	2,7	2,2	3,8	7,7	3,1	2,9
6	3	79	13	3	6	8,1	2,6	4,3	6,2	5,7	6,6	2,0	3,2	1,2	5,1	6,7	5,5	2,2	3,6
6	3	79	13	4	2	6,0	4,1	3,3	3,6	3,5	7,3	3,1	3,5	1,6	4,9	6,3	5,5	3,0	1,9
6	3	79	13	5	4	6,1	5,6	2,7	5,5	5,9	6,6	3,1	2,3	1,0	2,5	6,0	4,0	2,4	3,7
6	3	79	13	6	5	6,6	1,4	1,7	3,2	2,3	4,7	2,8	1,4	0,8	1,6	3,8	7,1	2,1	1,6
